time (s)	frame	L(t) (um)
0	43	5.19
0.25	44	13.599
0.5	45	21.122
0.75	46	28.47
1	47	34.546
1.25	48	39.984
1.5	49	44.666
1.75	50	49.013
2	51	52.295
2.25	52	55.374
2.5	53	59.086
2.75	54	63.53
3	55	66.535
3.25	56	69.41
		
		
		
		
		
		
		
		
		
		
		
		
		
		
		
		
		
		
		
		
		
		
		
		
		
		
		
		
		
		
		
		
		
		
		
		
		
		
		
		
		
		
		
		
		
		
		
		
		
		
		
		
		
		
		
		
		
		
		
		
		
		
		
		
		
		
		
		
		
		
		
		
		
		
		
		
		
		
		
		
		
		
		
		
		
		
		
		
		
		
		
		
		
		
		
		
		
		
		
		
		
		
		
		
		
		
