time (s)	frame	distance	L(t) (um)
0	86	0.651	102.789
0.2	87	0.412	102.377
0.4	88	0	102.377
0.6	89	0.412	101.965
0.8	90	0.651	101.314
1	91	0.743	100.571
1.2	92	0.412	100.159
1.4	93	0	100.159
1.6	94	0.412	99.747
1.8	95	0	99.747
2	96	0.206	99.541
2.2	97	0	99.541
2.4	98	0.412	99.129
2.6	99	0.743	98.386
2.8	100	0.412	97.974
3	101	0.412	97.562
3.2	102	0.206	97.356
3.4	103	0.291	97.065
3.6	104	0.461	96.604
3.8	105	0.291	96.313
4	106	0.206	96.107
4.2	107	0	96.107
4.4	108	0.206	95.901
4.6	109	0.291	95.61
4.8	110	0.412	95.198
5	111	0	95.198
5.2	112	0	95.198
5.4	113	0	95.198
5.6	114	0.743	94.455
5.8	115	0	94.455
6	116	0	94.455
6.2	117	0.206	94.249
6.4	118	0	94.249
6.6	119	0	94.249
6.8	120	0	94.249
7	121	0	94.249
7.2	122	0.206	94.043
7.4	123	0.651	93.392
7.6	124	0.291	93.101
7.8	125	0.206	92.895
8	126	0	92.895
8.2	127	0.206	92.689
8.4	128	0	92.689
8.6	129	0	92.689
8.8	130	0	92.689
9	131	0.291	92.398
9.2	132	0.412	91.986
9.4	133	0.412	91.574
9.6	134	0.206	91.368
9.8	135	0.206	91.162
10	136	0.291	90.871
10.2	137	0	90.871
10.4	138	0.206	90.665
10.6	139	0.412	90.253
10.8	140	0.206	90.047
11	141	0.206	89.841
11.2	142	0	89.841
11.4	143	0.206	89.635
11.6	144	0	89.635
11.8	145	0	89.635
12	146	0	89.635
12.2	147	0.206	89.429
12.4	148	0.206	89.223
12.6	149	0	89.223
12.8	150	0.461	88.762
13	151	0.206	88.556
13.2	152	0	88.556
13.4	153	0.618	87.938
13.6	154	0.206	87.732
13.8	155	0.412	87.32
14	156	0	87.32
14.2	157	0	87.32
14.4	158	0.461	86.859
14.6	159	0.206	86.653
14.8	160	0.206	86.447
15	161	0	86.447
15.2	162	0.206	86.241
15.4	163	0.412	85.829
15.6	164	0.206	85.623
15.8	165	0	85.623
16	166	0	85.623
16.2	167	0	85.623
16.4	168	0	85.623
16.6	169	0.618	85.005
16.8	170	0.206	84.799
17	171	0	84.799
17.2	172	0.206	84.593
17.4	173	0.291	84.302
17.6	174	0	84.302
17.8	175	0.412	83.89
18	176	0	83.89
18.2	177	0	83.89
18.4	178	0	83.89
18.6	179	0.412	83.478
18.8	180	0	83.478
19	181	0.412	83.066
19.2	182	0.412	82.654
19.4	183	0.618	82.036
19.6	184	0.412	81.624
19.8	185	0	81.624
20	186	0.206	81.418
20.2	187	0	81.418
20.4	188	0	81.418
20.6	189	0	81.418
20.8	190	0.651	80.767
21	191	0.291	80.476
21.2	192	0.412	80.064
21.4	193	0	80.064
21.6	194	0.206	79.858
21.8	195	0	79.858
22	196	0.206	79.652
22.2	197	0.206	79.446
22.4	198	0.412	79.034
22.6	199	0.651	78.383
22.8	200	0.461	77.922
23	201	0	77.922
23.2	202	0	77.922
23.4	203	0	77.922
23.6	204	0	77.922
23.8	205	0	77.922
24	206	0.461	77.461
24.2	207	0.206	77.255
24.4	208	0.206	77.049
24.6	209	0.206	76.843
24.8	210	0	76.843
25	211	0.618	76.225
25.2	212	0.412	75.813
25.4	213	0.206	75.607
25.6	214	0.206	75.401
25.8	215	0.206	75.195
26	216	0.824	74.371
26.2	217	0	74.371
26.4	218	0	74.371
26.6	219	0.206	74.165
26.8	220	0	74.165
27	221	0.412	73.753
27.2	222	0.206	73.547
27.4	223	0.206	73.341
27.6	224	0	73.341
27.8	225	0	73.341
28	226	0.412	72.929
28.2	227	0.412	72.517
28.4	228	0	72.517
28.6	229	0	72.517
28.8	230	0	72.517
29	231	0.412	72.105
29.2	232	0.461	71.644
29.4	233	0	71.644
29.6	234	0	71.644
29.8	235	0.206	71.438
30	236	0.412	71.026
30.2	237	0.618	70.408
30.4	238	0	70.408
30.6	239	0.206	70.202
30.8	240	0.206	69.996
31	241	0.412	69.584
31.2	242	0.412	69.172
31.4	243	0	69.172
31.6	244	0	69.172
31.8	245	0.206	68.966
32	246	0.206	68.76
32.2	247	0.618	68.142
32.4	248	0	68.142
32.6	249	0.412	67.73
32.8	250	0.206	67.524
33	251	0	67.524
33.2	252	0.412	67.112
33.4	253	0	67.112
33.6	254	0.412	66.7
33.8	255	0.412	66.288
34	256	0	66.288
34.2	257	0.206	66.082
34.4	258	0.206	65.876
34.6	259	0	65.876
34.8	260	0.206	65.67
35	261	0	65.67
35.2	262	0.206	65.464
35.4	263	0.651	64.813
35.6	264	0	64.813
35.8	265	0.412	64.401
36	266	0.206	64.195
36.2	267	0.206	63.989
36.4	268	0	63.989
36.6	269	0.412	63.577
36.8	270	0	63.577
37	271	0.206	63.371
37.2	272	0.291	63.08
37.4	273	0.824	62.256
37.6	274	0.291	61.965
37.8	275	0	61.965
38	276	0.412	61.553
38.2	277	0.206	61.347
38.4	278	0.618	60.729
38.6	279	0.206	60.523
38.8	280	0.206	60.317
39	281	0.206	60.111
39.2	282	0.461	59.65
39.4	283	0.206	59.444
39.6	284	0.206	59.238
39.8	285	0.206	59.032
40	286	0.206	58.826
40.2	287	0.412	58.414
40.4	288	0.461	57.953
40.6	289	0.849	57.104
40.8	290	0.461	56.643
41	291	0.651	55.992
41.2	292	1.03	54.962
41.4	293	0	54.962
41.6	294	0.412	54.55
41.8	295	0.412	54.138
42	296	0	54.138
42.2	297	0	54.138
42.4	298	0.291	53.847
42.6	299	0.206	53.641
42.8	300	0.291	53.35
43	301	0.206	53.144
43.2	302	0.412	52.732
43.4	303	0.412	52.32
43.6	304	0.412	51.908
43.8	305	0	51.908
44	306	0	51.908
44.2	307	0.412	51.496
44.4	308	0.412	51.084
44.6	309	0.206	50.878
44.8	310	0	50.878
45	311	0.206	50.672
45.2	312	0	50.672
45.4	313	0.618	50.054
45.6	314	0.412	49.642
45.8	315	0.206	49.436
46	316	0.412	49.024
46.2	317	0	49.024
46.4	318	0	49.024
46.6	319	0.206	48.818
46.8	320	0.743	48.075
47	321	0.412	47.663
47.2	322	0.743	46.92
47.4	323	0.206	46.714
47.6	324	0.651	46.063
47.8	325	0.412	45.651
48	326	0	45.651
48.2	327	0.206	45.445
48.4	328	0.824	44.621
48.6	329	0.412	44.209
48.8	330	0.412	43.797
49	331	0.206	43.591
49.2	332	0.291	43.3
49.4	333	0	43.3
49.6	334	0.618	42.682
49.8	335	0.618	42.064
50	336	0.206	41.858
50.2	337	0.618	41.24
50.4	338	0.412	40.828
50.6	339	0.618	40.21
50.8	340	0.206	40.004
51	341	0.291	39.713
51.2	342	0.291	39.422
51.4	343	0.206	39.216
51.6	344	0.618	38.598
51.8	345	0.412	38.186
52	346	0.412	37.774
52.2	347	0	37.774
52.4	348	0.461	37.313
52.6	349	0.206	37.107
52.8	350	0.618	36.489
53	351	0.618	35.871
53.2	352	0.849	35.022
53.4	353	0.651	34.371
53.6	354	0.206	34.165
53.8	355	0.824	33.341
54	356	0	33.341
54.2	357	0.206	33.135
54.4	358	0.206	32.929
54.6	359	0.618	32.311
54.8	360	0.412	31.899
55	361	0.618	31.281
55.2	362	0.206	31.075
55.4	363	0.651	30.424
55.6	364	0.461	29.963
55.8	365	0.412	29.551
56	366	0.618	28.933
56.2	367	0.206	28.727
56.4	368	0.461	28.266
56.6	369	0	28.266
56.8	370	0.412	27.854
57	371	0.583	27.271
57.2	372	0	27.271
57.4	373	0.461	26.81
57.6	374	0	26.81
57.8	375	0.412	26.398
58	376	0.651	25.747
58.2	377	0.206	25.541
58.4	378	0.206	25.335
58.6	379	0.651	24.684
58.8	380	0.618	24.066
59	381	0.206	23.86
59.2	382	0.412	23.448
59.4	383	0.206	23.242
59.6	384	0.206	23.036
59.8	385	0.412	22.624
60	386	0.206	22.418
60.2	387	0.461	21.957
60.4	388	0.206	21.751
60.6	389	0.412	21.339
60.8	390	0.618	20.721
61	391	0.206	20.515
61.2	392	0.206	20.309
61.4	393	0.618	19.691
61.6	394	0.412	19.279
61.8	395	0.206	19.073
62	396	0.412	18.661
62.2	397	0.412	18.249
62.4	398	0	18.249
62.6	399	0.412	17.837
62.8	400	0.412	17.425
63	401	0.206	17.219
63.2	402	0.206	17.013
63.4	403	0.412	16.601
63.6	404	0	16.601
63.8	405	0.412	16.189
64	406	0	16.189
64.2	407	0.824	15.365
64.4	408	0.412	14.953
64.6	409	0	14.953
64.8	410	0.412	14.541
65	411	0.206	14.335
65.2	412	0.618	13.717
65.4	413	0.412	13.305
65.6	414	0	13.305
65.8	415	0	13.305
66	416	0.824	12.481
66.2	417	0.583	11.898
66.4	418	0	11.898
66.6	419	0.824	11.074
66.8	420	0.461	10.613
67	421	0.412	10.201
67.2	422	0.412	9.789
67.4	423	0.651	9.138
67.6	424	0.412	8.726
67.8	425	0.206	8.52
68	426	0.412	8.108
68.2	427	0.206	7.902
68.4	428	0.412	7.49
68.6	429	0.206	7.284
68.8	430	0.618	6.666
69	431	0.412	6.254
69.2	432	0.412	5.842
69.4	433	1.05	4.792
69.6	434	0.461	4.331
69.8	435	0.618	3.713
70	436	0.618	3.095
70.2	437	0.412	2.683
70.4	438	0.824	1.859
70.6	439	0.412	1.447
70.8	440	0.824	0.623
71	441	0.412	0.211
