#  Time(s)   C-type  S-type T-type
 3207.7940  0.38  0.38  0.24
 3261.9538  0.36  0.38  0.27
 3323.6226  0.34  0.40  0.27
 3375.1403  0.33  0.41  0.27
 3407.0564  0.32  0.41  0.27
 3440.2739  0.32  0.42  0.26
 3457.2090  0.31  0.41  0.28
 3473.9864  0.29  0.42  0.28
 3494.8134  0.28  0.42  0.30
 3522.1275  0.28  0.42  0.29
 3534.3849  0.28  0.42  0.29
 3546.2456  0.26  0.44  0.30
 3563.9539  0.26  0.43  0.31
 3582.4340  0.24  0.44  0.32
 3587.9763  0.23  0.45  0.32
 3589.9878  0.23  0.45  0.32
 3596.5353  0.26  0.42  0.32
 3613.2214  0.26  0.41  0.33
 3628.0561  0.25  0.41  0.34
 3643.4708  0.26  0.41  0.34
 3652.7643  0.24  0.41  0.34
 3684.9506  0.24  0.42  0.34
 3710.4939  0.26  0.40  0.34
 3733.1323  0.26  0.41  0.34
 3752.6616  0.24  0.41  0.35
 3768.3620  0.24  0.41  0.35
 3786.2858  0.24  0.41  0.35
 3801.8674  0.23  0.41  0.35
 3839.6574  0.24  0.41  0.34
 3861.2712  0.23  0.42  0.35
 3885.9195  0.21  0.42  0.36
 3928.8829  0.21  0.41  0.38
 3957.3263  0.20  0.43  0.36
 3966.8376  0.20  0.42  0.38
 3981.0737  0.18  0.42  0.40
 3995.8670  0.20  0.41  0.40
 4007.4612  0.17  0.42  0.41
 4015.3762  0.16  0.43  0.41
 4028.8200  0.14  0.44  0.41
 4038.2124  0.14  0.46  0.41
 4058.6121  0.13  0.47  0.41
 4081.1701  0.13  0.48  0.39
 4095.6625  0.12  0.48  0.39
 4103.3648  0.12  0.49  0.39
 4120.6665  0.12  0.51  0.36
 4136.3187  0.12  0.51  0.38
 4153.8353  0.11  0.50  0.39
 4177.1166  0.10  0.49  0.41
 4186.7971  0.10  0.49  0.40
 4203.9867  0.10  0.51  0.39
 4214.9601  0.12  0.50  0.38
 4229.3177  0.12  0.51  0.38
 4250.8248  0.12  0.51  0.38
 4257.8651  0.12  0.51  0.38
 4267.6663  0.12  0.51  0.38
 4283.7760  0.10  0.52  0.38
 4294.3350  0.10  0.53  0.38
 4299.6843  0.12  0.51  0.38
 4306.4217  0.12  0.49  0.38
 4314.2797  0.13  0.48  0.39
 4318.6517  0.14  0.47  0.39
 4327.9009  0.14  0.47  0.39
 4336.9752  0.15  0.47  0.39
 4343.1858  0.16  0.45  0.40
 4349.0464  0.16  0.45  0.40
 4352.3141  0.17  0.44  0.40
 4370.5416  0.17  0.45  0.38
 4383.6419  0.18  0.44  0.38
 4390.7412  0.17  0.46  0.38
 4399.2826  0.17  0.43  0.39
 4402.4939  0.16  0.43  0.41
 4405.5393  0.17  0.42  0.40
 4413.8358  0.17  0.41  0.41
 4421.0063  0.17  0.42  0.41
 4428.5598  0.17  0.41  0.42
 4436.4648  0.17  0.41  0.42
 4446.3263  0.17  0.41  0.42
 4462.7101  0.15  0.42  0.42
 4466.2342  0.16  0.43  0.41
 4473.9521  0.17  0.42  0.41
 4480.4638  0.17  0.42  0.41
 4490.5497  0.17  0.41  0.42
 4499.4094  0.16  0.43  0.41
 4511.3805  0.15  0.43  0.42
 4517.7560  0.14  0.41  0.45
 4522.9621  0.14  0.42  0.43
 4528.8453  0.14  0.42  0.44
 4536.2188  0.14  0.45  0.42
 4549.4421  0.14  0.45  0.41
 4563.4383  0.14  0.46  0.40
 4576.5555  0.14  0.47  0.39
 4581.5013  0.13  0.48  0.39
 4593.8053  0.14  0.48  0.39
 4604.9239  0.14  0.48  0.39
 4609.4018  0.14  0.49  0.37
 4618.7758  0.13  0.49  0.38
 4629.9212  0.14  0.48  0.38
 4636.8382  0.14  0.47  0.39
 4646.9262  0.14  0.47  0.39
 4651.5826  0.14  0.47  0.38
 4664.5647  0.13  0.49  0.38
 4670.8017  0.13  0.51  0.36
 4678.5400  0.13  0.49  0.38
 4680.4654  0.14  0.51  0.35
 4690.4390  0.15  0.52  0.33
 4699.5339  0.15  0.52  0.33
 4712.9592  0.17  0.52  0.32
 4718.2455  0.17  0.51  0.32
 4721.5176  0.17  0.51  0.32
 4725.5529  0.17  0.49  0.33
 4731.4988  0.18  0.49  0.32
 4736.1600  0.18  0.49  0.32
 4742.5983  0.20  0.48  0.32
 4751.6125  0.20  0.48  0.32
 4755.7050  0.20  0.47  0.32
 4764.6900  0.20  0.48  0.31
 4770.5386  0.20  0.49  0.31
 4774.9269  0.20  0.51  0.30
 4781.9360  0.18  0.51  0.30
 4783.3994  0.18  0.53  0.29
 4792.7530  0.19  0.52  0.29
 4795.4182  0.20  0.51  0.29
 4801.9146  0.20  0.51  0.29
 4805.3326  0.20  0.48  0.32
 4817.0845  0.18  0.49  0.32
 4826.8709  0.18  0.49  0.33
 4833.3140  0.17  0.51  0.32
 4839.9637  0.17  0.49  0.34
 4849.4313  0.16  0.49  0.34
 4855.4579  0.15  0.51  0.34
 4863.1968  0.15  0.49  0.36
 4872.5085  0.14  0.48  0.38
 4880.6611  0.13  0.50  0.37
 4886.0171  0.14  0.51  0.35
 4893.7826  0.14  0.52  0.35
 4899.3108  0.14  0.51  0.35
 4908.6170  0.14  0.51  0.34
 4911.7437  0.15  0.50  0.34
 4923.6205  0.15  0.51  0.34
 4930.3570  0.14  0.50  0.35
 4936.5636  0.14  0.52  0.34
 4944.3117  0.14  0.52  0.34
 4950.3086  0.15  0.50  0.35
 4956.1643  0.15  0.50  0.35
 4960.4188  0.16  0.49  0.35
 4968.0700  0.17  0.48  0.35
 4974.0673  0.17  0.47  0.37
 4978.8495  0.17  0.48  0.34
 4982.8282  0.17  0.47  0.35
 4989.8740  0.18  0.46  0.36
 4996.3157  0.18  0.47  0.35
 5001.7223  0.19  0.47  0.34
 5002.5597  0.19  0.47  0.34
 5005.4520  0.18  0.47  0.35
 5009.2937  0.18  0.46  0.35
 5012.9196  0.18  0.47  0.35
 5015.6701  0.18  0.47  0.35
 5019.0632  0.18  0.47  0.35
 5022.2178  0.18  0.47  0.34
 5026.1567  0.18  0.47  0.34
 5032.6819  0.17  0.47  0.36
 5037.3856  0.17  0.47  0.36
 5040.4447  0.17  0.48  0.35
 5044.4068  0.16  0.50  0.34
 5048.6189  0.17  0.50  0.33
 5051.5592  0.17  0.49  0.33
 5055.3029  0.17  0.51  0.32
 5061.3851  0.17  0.50  0.33
 5063.8870  0.16  0.52  0.32
 5067.7800  0.15  0.55  0.30
 5072.7845  0.14  0.54  0.32
 5080.0572  0.14  0.55  0.32
 5085.3225  0.13  0.53  0.34
 5095.9195  0.14  0.52  0.34
 5102.3280  0.13  0.53  0.34
 5105.7486  0.13  0.52  0.35
 5112.1610  0.12  0.51  0.38
 5120.2542  0.12  0.51  0.38
 5123.6477  0.13  0.48  0.39
 5129.7500  0.14  0.47  0.40
 5138.1672  0.14  0.47  0.40
 5141.6544  0.13  0.47  0.40
 5145.0779  0.13  0.47  0.41
 5148.2108  0.14  0.47  0.39
 5155.1936  0.14  0.47  0.39
 5161.2382  0.14  0.48  0.38
 5165.7513  0.13  0.48  0.39
 5169.9593  0.14  0.49  0.38
 5172.4842  0.14  0.47  0.39
 5177.1636  0.14  0.47  0.39
 5182.3816  0.15  0.46  0.39
 5185.1907  0.15  0.47  0.38
 5189.0279  0.16  0.49  0.34
 5192.6554  0.15  0.52  0.34
 5194.1562  0.17  0.49  0.33
 5196.4678  0.18  0.51  0.32
 5198.0261  0.19  0.52  0.29
 5198.0729  0.20  0.52  0.28
 5199.9950  0.20  0.53  0.27
 5204.1860  0.20  0.55  0.26
 5207.5471  0.20  0.55  0.26
 5209.5679  0.20  0.55  0.26
 5212.7256  0.20  0.55  0.26
 5216.3871  0.20  0.55  0.26
 5220.2255  0.18  0.54  0.28
 5224.8225  0.19  0.53  0.28
 5226.8509  0.19  0.53  0.28
 5229.2674  0.20  0.51  0.29
 5232.9651  0.20  0.51  0.29
 5235.5546  0.20  0.52  0.28
 5239.5884  0.20  0.53  0.28
 5242.0959  0.18  0.54  0.28
 5243.7763  0.18  0.54  0.28
 5247.4709  0.18  0.53  0.29
 5252.7828  0.17  0.55  0.29
 5257.2827  0.17  0.54  0.29
 5259.3752  0.15  0.55  0.30
 5259.3967  0.14  0.54  0.32
 5259.4136  0.12  0.56  0.33
 5259.4564  0.12  0.53  0.35
 5259.4881  0.12  0.52  0.35
 5259.5264  0.12  0.50  0.38
 5259.5850  0.13  0.51  0.36
 5259.6879  0.12  0.51  0.37
 5259.7320  0.12  0.51  0.37
 5259.8981  0.11  0.53  0.36
 5260.0893  0.12  0.52  0.36
 5260.2290  0.12  0.52  0.36
 5260.4507  0.12  0.53  0.35
 5260.7093  0.12  0.49  0.39
 5260.9467  0.12  0.48  0.40
 5261.1283  0.13  0.46  0.41
 5261.3061  0.13  0.46  0.41
 5261.5285  0.14  0.46  0.41
 5261.5952  0.15  0.44  0.41
 5261.6687  0.17  0.43  0.40
 5261.7050  0.20  0.41  0.39
 5261.8258  0.23  0.41  0.36
 5262.2187  0.27  0.38  0.35
 5262.4108  0.29  0.39  0.32
 5263.2943  0.33  0.38  0.29
 5264.3833  0.34  0.40  0.26
 5268.3258  0.36  0.39  0.26
 5270.6159  0.36  0.39  0.25
 5275.9532  0.37  0.40  0.23
 5285.1621  0.38  0.38  0.25
 5296.5065  0.39  0.36  0.25
 5305.5369  0.38  0.35  0.28
 5327.0982  0.37  0.35  0.28
 5340.5154  0.36  0.35  0.28
 5355.1059  0.36  0.34  0.30
 5379.1623  0.36  0.34  0.29
 5398.0053  0.36  0.35  0.28
 5444.7105  0.37  0.33  0.30
 5461.9142  0.35  0.33  0.33
 5481.1681  0.32  0.34  0.34
 5492.6534  0.29  0.34  0.36
 5509.3162  0.27  0.36  0.37
 5518.8147  0.23  0.38  0.39
 5539.9845  0.21  0.38  0.41
 5572.4410  0.18  0.39  0.43
 5601.8446  0.18  0.38  0.43
 5628.6880  0.17  0.39  0.43
 5649.9135  0.17  0.38  0.45
 5697.5588  0.17  0.38  0.46
 5729.9520  0.17  0.39  0.44
 5745.2469  0.17  0.41  0.42
 5766.1536  0.17  0.44  0.40
 5782.7022  0.17  0.45  0.38
 5811.6314  0.18  0.47  0.35
 5845.4914  0.19  0.49  0.32
 5871.7272  0.20  0.51  0.29
 5916.9349  0.20  0.48  0.31
 5932.0296  0.20  0.52  0.29
 5943.6367  0.21  0.53  0.26
 5957.8066  0.22  0.52  0.26
 5964.7574  0.22  0.53  0.25
 5984.4356  0.22  0.54  0.24
 6011.3815  0.21  0.56  0.23
 6015.2776  0.20  0.59  0.20
 6033.2473  0.19  0.61  0.20
 6046.8749  0.17  0.64  0.19
 6069.0075  0.16  0.66  0.18
 6080.5828  0.14  0.69  0.17
 6094.4200  0.14  0.69  0.17
 6120.6600  0.14  0.69  0.17
 6148.2066  0.13  0.70  0.17
 6161.7800  0.13  0.70  0.17
 6196.8126  0.12  0.71  0.17
 6223.2364  0.12  0.72  0.16
 6244.1097  0.12  0.73  0.15
 6254.3474  0.10  0.74  0.15
 6281.2772  0.10  0.73  0.16
 6294.2230  0.10  0.73  0.17
 6317.6745  0.10  0.73  0.17
 6341.4244  0.10  0.73  0.17
 6350.0366  0.09  0.76  0.15
 6366.6081  0.10  0.75  0.15
 6379.2412  0.10  0.74  0.15
 6389.0262  0.11  0.72  0.17
 6395.2450  0.12  0.71  0.17
 6406.0903  0.12  0.69  0.19
 6413.3282  0.12  0.68  0.20
 6423.2365  0.14  0.66  0.21
 6433.6589  0.13  0.66  0.21
 6448.7089  0.12  0.68  0.20
 6464.1043  0.14  0.67  0.20
 6478.3121  0.14  0.66  0.20
 6494.6791  0.14  0.65  0.21
 6501.0282  0.14  0.65  0.22
 6520.2170  0.14  0.65  0.21
 6528.4354  0.15  0.65  0.20
 6546.4833  0.14  0.67  0.20
 6554.3140  0.13  0.67  0.20
 6572.5552  0.14  0.66  0.21
 6579.7154  0.14  0.66  0.20
 6594.6824  0.14  0.64  0.22
 6602.4354  0.14  0.64  0.23
 6611.7259  0.16  0.61  0.23
 6621.0241  0.17  0.61  0.21
 6628.0308  0.16  0.62  0.21
 6628.0768  0.15  0.63  0.21
 6628.2133  0.16  0.63  0.21
 6628.4598  0.15  0.66  0.20
 6629.2533  0.15  0.66  0.20
 6630.6406  0.15  0.65  0.20
 6632.2923  0.14  0.66  0.20
 6634.5756  0.15  0.65  0.20
 6638.1911  0.15  0.66  0.20
 6641.0730  0.15  0.66  0.19
 6644.2588  0.15  0.66  0.20
 6649.4775  0.15  0.65  0.20
 6654.2558  0.15  0.66  0.20
 6657.2353  0.14  0.67  0.18
 6659.8491  0.13  0.69  0.18
 6662.7384  0.12  0.69  0.18
 6664.8298  0.13  0.70  0.17
 6668.6923  0.13  0.70  0.17
 6680.7877  0.12  0.72  0.17
 6689.4077  0.10  0.73  0.17
 6696.2428  0.11  0.72  0.17
 6704.2431  0.12  0.72  0.15
 6718.6623  0.12  0.73  0.15
 6733.4928  0.12  0.73  0.15
 6742.2742  0.12  0.74  0.14
 6770.3226  0.13  0.73  0.14
 6780.9343  0.14  0.71  0.15
 6797.5112  0.12  0.71  0.16
 6813.3954  0.14  0.71  0.14
 6822.3119  0.14  0.70  0.15
 6827.5981  0.14  0.69  0.17
 6844.6908  0.15  0.68  0.17
 6858.1000  0.16  0.67  0.17
 6873.0668  0.17  0.65  0.18
 6892.5668  0.18  0.63  0.18
 6900.8885  0.20  0.62  0.18
 6914.9622  0.19  0.63  0.18
 6923.5808  0.19  0.65  0.17
 6932.0865  0.19  0.64  0.17
 6940.5587  0.20  0.64  0.16
 6953.3641  0.20  0.62  0.18
 6971.5682  0.18  0.62  0.19
 6979.5549  0.17  0.63  0.20
 6992.5025  0.17  0.62  0.20
 7001.5159  0.17  0.61  0.21
 7012.0395  0.17  0.61  0.22
 7023.0399  0.17  0.62  0.21
 7028.2636  0.17  0.63  0.20
 7037.1827  0.17  0.63  0.20
 7042.8446  0.17  0.64  0.20
 7042.9603  0.17  0.63  0.20
 7043.0393  0.18  0.62  0.20
 7043.4000  0.19  0.61  0.20
 7043.9232  0.19  0.61  0.20
 7045.7513  0.20  0.60  0.20
 7049.2202  0.19  0.60  0.20
 7058.1152  0.20  0.59  0.20
 7101.8986  0.20  0.58  0.21
 7234.2801  0.21  0.56  0.22
 7292.2212  0.20  0.57  0.22
 7427.7731  0.21  0.58  0.21
 7508.1416  0.21  0.58  0.20
 7572.4389  0.23  0.58  0.20
 7614.9156  0.22  0.59  0.18
 7679.7608  0.23  0.59  0.17
 7759.5130  0.23  0.60  0.17
 7796.9277  0.23  0.60  0.17
 7824.4283  0.22  0.61  0.17
 7854.5603  0.22  0.61  0.17
 7900.2431  0.23  0.60  0.16
 7932.0812  0.23  0.62  0.15
 7949.0948  0.21  0.64  0.14
 7979.2050  0.21  0.64  0.15
 7999.9759  0.20  0.65  0.14
 8025.2402  0.20  0.67  0.12
 8040.0527  0.20  0.67  0.13
 8074.0876  0.20  0.67  0.14
 8079.4299  0.19  0.68  0.13
 8082.0331  0.19  0.69  0.12
 8102.8626  0.19  0.69  0.12
 8130.2229  0.19  0.68  0.13
 8165.5091  0.20  0.68  0.12
 8193.3037  0.20  0.67  0.14
 8233.9815  0.21  0.65  0.14
 8283.7183  0.21  0.65  0.14
 8306.4861  0.21  0.64  0.15
 8334.5008  0.20  0.64  0.16
 8381.7306  0.21  0.62  0.17
 8415.2759  0.21  0.62  0.16
 8439.5892  0.20  0.64  0.17
 8472.9978  0.20  0.62  0.18
 8490.2888  0.20  0.61  0.18
 8490.4294  0.20  0.61  0.18
 8494.6926  0.23  0.59  0.18
 8501.8272  0.23  0.59  0.18
 8549.1504  0.23  0.59  0.17
