#  Time(s)   C-type  S-type T-type
  737.9463  0.96  0.04  0.01
  773.8923  0.96  0.03  0.01
  807.6797  0.96  0.03  0.01
  857.4728  0.96  0.03  0.01
  886.4330  0.98  0.01  0.01
  912.7461  0.98  0.02  0.00
  949.0516  0.98  0.01  0.00
  977.3336  0.98  0.01  0.00
 1014.1227  0.98  0.02  0.00
 1053.2389  0.98  0.02  0.00
 1100.2135  0.97  0.03  0.00
 1150.1844  0.97  0.03  0.00
 1200.2681  0.96  0.04  0.00
 1247.4669  0.96  0.04  0.01
 1266.0384  0.95  0.04  0.01
 1322.5129  0.94  0.04  0.01
 1383.3365  0.94  0.04  0.01
 1439.1511  0.94  0.04  0.01
 1470.3100  0.94  0.05  0.01
 1532.2868  0.93  0.06  0.01
 1589.6745  0.94  0.06  0.01
 1653.0874  0.94  0.06  0.01
 1713.9381  0.94  0.06  0.01
 1732.1072  0.93  0.06  0.01
 1791.4437  0.92  0.07  0.01
 1821.3192  0.93  0.07  0.01
 1853.5454  0.92  0.07  0.01
 1893.8113  0.92  0.07  0.01
 1928.9499  0.91  0.08  0.01
 1972.3356  0.90  0.09  0.01
 2006.5956  0.90  0.09  0.01
 2026.1624  0.88  0.10  0.01
 2059.5960  0.89  0.10  0.01
 2107.7409  0.89  0.10  0.01
 2138.5631  0.90  0.10  0.01
 2186.8651  0.89  0.10  0.01
 2204.9915  0.89  0.11  0.01
 2232.6171  0.87  0.12  0.01
 2274.1602  0.88  0.12  0.01
 2309.3227  0.88  0.12  0.01
 2337.4615  0.88  0.12  0.01
 2370.4713  0.86  0.12  0.01
 2390.5120  0.86  0.13  0.01
 2429.8301  0.85  0.14  0.01
 2442.0447  0.86  0.12  0.01
 2461.4886  0.86  0.12  0.01
 2517.0531  0.85  0.13  0.01
 2565.8510  0.85  0.13  0.01
 2599.1443  0.86  0.12  0.01
 2633.0429  0.87  0.12  0.01
 2668.2330  0.85  0.12  0.02
 2694.7075  0.86  0.12  0.02
 2713.7717  0.85  0.12  0.02
 2737.4853  0.85  0.13  0.02
 2766.9345  0.83  0.14  0.03
 2795.4330  0.83  0.14  0.03
 2811.5574  0.84  0.14  0.03
 2847.8097  0.85  0.12  0.03
 2878.6075  0.85  0.12  0.03
 2912.2617  0.85  0.12  0.03
 2942.1667  0.85  0.12  0.02
 2979.1948  0.86  0.12  0.02
 3019.3592  0.86  0.12  0.02
 3043.7896  0.88  0.11  0.01
 3081.1085  0.86  0.12  0.01
 3113.8526  0.86  0.12  0.01
 3130.3644  0.88  0.11  0.01
 3161.0507  0.88  0.11  0.01
 3197.9443  0.85  0.12  0.03
 3223.0114  0.85  0.13  0.02
 3252.7653  0.86  0.12  0.02
 3268.4326  0.85  0.12  0.02
 3281.4330  0.86  0.12  0.02
 3294.4211  0.86  0.12  0.02
 3321.5981  0.88  0.10  0.01
 3345.7797  0.88  0.11  0.01
 3368.6398  0.87  0.12  0.01
 3396.5477  0.86  0.12  0.01
 3419.2406  0.85  0.12  0.02
 3448.8255  0.85  0.12  0.02
 3468.9958  0.85  0.12  0.02
 3489.0764  0.85  0.12  0.03
 3515.7020  0.84  0.13  0.03
 3546.1079  0.82  0.14  0.03
 3559.2986  0.83  0.14  0.03
 3588.4760  0.81  0.15  0.03
 3609.3354  0.81  0.15  0.03
 3628.0000  0.81  0.15  0.03
 3656.7523  0.83  0.15  0.02
 3689.0356  0.83  0.15  0.02
 3700.3800  0.83  0.15  0.02
 3723.7153  0.83  0.14  0.02
 3751.4613  0.83  0.15  0.02
 3777.3812  0.84  0.14  0.02
 3819.6691  0.83  0.14  0.02
 3857.4159  0.84  0.14  0.02
 3880.7403  0.85  0.13  0.02
 3893.0946  0.84  0.14  0.02
 3916.0149  0.84  0.14  0.01
 3948.7464  0.82  0.15  0.02
 3965.4959  0.81  0.17  0.02
 3983.6909  0.82  0.17  0.01
 4012.9321  0.82  0.16  0.01
 4043.0181  0.82  0.15  0.02
 4061.7522  0.82  0.15  0.02
 4076.9082  0.83  0.15  0.02
 4101.5218  0.82  0.15  0.02
 4122.0801  0.83  0.15  0.02
 4133.5902  0.82  0.15  0.02
 4158.2231  0.82  0.15  0.02
 4175.0449  0.83  0.15  0.01
 4188.7779  0.83  0.15  0.01
 4201.7714  0.82  0.16  0.01
 4221.2237  0.82  0.15  0.02
 4230.3768  0.83  0.15  0.02
 4242.7590  0.81  0.17  0.02
 4262.1791  0.81  0.17  0.03
 4279.4721  0.81  0.16  0.03
 4293.6846  0.81  0.16  0.03
 4306.3220  0.81  0.16  0.03
 4310.6394  0.80  0.17  0.03
 4323.4968  0.79  0.18  0.03
 4331.0842  0.78  0.20  0.02
 4342.7560  0.79  0.20  0.02
 4358.5187  0.79  0.20  0.02
 4371.5861  0.79  0.18  0.03
 4389.4495  0.80  0.18  0.03
 4403.1746  0.77  0.21  0.03
 4424.8692  0.77  0.20  0.03
 4437.7904  0.78  0.20  0.03
 4457.1466  0.76  0.21  0.03
 4475.7490  0.76  0.22  0.03
 4490.3286  0.76  0.21  0.03
 4514.5933  0.76  0.22  0.03
 4525.8932  0.74  0.23  0.03
 4540.6285  0.74  0.23  0.03
 4555.2634  0.74  0.23  0.02
 4568.6732  0.76  0.23  0.02
 4581.2584  0.75  0.23  0.03
 4601.0582  0.74  0.23  0.03
 4633.5919  0.77  0.20  0.03
 4655.5646  0.77  0.20  0.03
 4677.4098  0.78  0.18  0.04
 4689.2455  0.79  0.18  0.03
 4699.7612  0.78  0.19  0.04
 4718.3501  0.77  0.20  0.03
 4726.3689  0.77  0.20  0.04
 4738.0696  0.79  0.17  0.04
 4749.4926  0.78  0.18  0.04
 4764.3948  0.77  0.20  0.04
 4783.2134  0.77  0.18  0.04
 4800.7056  0.78  0.17  0.05
 4812.1389  0.78  0.17  0.05
 4822.2532  0.76  0.18  0.06
 4832.2180  0.75  0.18  0.07
 4840.5152  0.77  0.17  0.07
 4848.7951  0.75  0.18  0.07
 4860.8691  0.73  0.20  0.07
 4870.7579  0.75  0.18  0.07
 4880.4685  0.75  0.19  0.06
 4889.2670  0.74  0.20  0.06
 4895.8898  0.74  0.20  0.07
 4902.0063  0.72  0.21  0.06
 4911.2067  0.71  0.22  0.07
 4917.9452  0.71  0.22  0.07
 4927.3872  0.69  0.24  0.07
 4933.7815  0.69  0.24  0.06
 4936.9148  0.68  0.26  0.06
 4941.3410  0.68  0.26  0.07
 4952.3834  0.69  0.24  0.07
 4964.3185  0.69  0.24  0.06
 4973.4699  0.69  0.25  0.06
 4981.6979  0.69  0.27  0.05
 4991.4679  0.70  0.26  0.04
 4997.3188  0.70  0.26  0.04
 5007.7053  0.70  0.26  0.04
 5018.0949  0.70  0.27  0.03
 5030.2406  0.70  0.27  0.03
 5037.3311  0.69  0.28  0.04
 5048.6539  0.69  0.27  0.04
 5055.8147  0.69  0.27  0.04
 5060.8302  0.69  0.27  0.04
 5067.7376  0.70  0.26  0.04
 5074.1730  0.71  0.26  0.04
 5080.9723  0.70  0.26  0.04
 5086.9080  0.72  0.23  0.05
 5094.4490  0.71  0.23  0.06
 5101.1720  0.71  0.23  0.06
 5109.5609  0.72  0.23  0.05
 5114.6954  0.72  0.23  0.06
 5124.6082  0.71  0.23  0.06
 5134.6745  0.70  0.23  0.07
 5141.6659  0.72  0.21  0.07
 5148.7724  0.73  0.20  0.07
 5156.7619  0.73  0.20  0.07
 5164.0159  0.72  0.21  0.06
 5172.8542  0.72  0.21  0.06
 5176.8595  0.73  0.21  0.06
 5183.6982  0.74  0.20  0.06
 5192.0118  0.74  0.20  0.06
 5200.0578  0.74  0.20  0.06
 5205.5955  0.74  0.20  0.06
 5211.5065  0.74  0.20  0.05
 5214.3508  0.75  0.20  0.04
 5219.1301  0.76  0.20  0.04
 5222.5717  0.76  0.21  0.03
 5226.7996  0.74  0.23  0.03
 5231.6511  0.74  0.23  0.03
 5236.2609  0.76  0.22  0.03
 5240.1722  0.74  0.23  0.02
 5245.2473  0.73  0.24  0.02
 5249.3123  0.73  0.26  0.01
 5255.7015  0.71  0.28  0.01
 5258.6373  0.69  0.30  0.01
 5265.1275  0.70  0.28  0.01
 5270.6496  0.70  0.27  0.03
 5281.0113  0.71  0.26  0.03
 5285.2980  0.71  0.26  0.03
 5289.2309  0.71  0.26  0.03
 5295.0432  0.72  0.26  0.03
 5301.4202  0.72  0.25  0.03
 5306.5731  0.71  0.26  0.03
 5311.1840  0.71  0.26  0.03
 5315.0673  0.71  0.26  0.03
 5322.6799  0.70  0.26  0.04
 5328.1008  0.69  0.27  0.04
 5335.5389  0.70  0.26  0.04
 5342.1842  0.70  0.26  0.04
 5345.8104  0.69  0.27  0.04
 5353.7690  0.70  0.26  0.04
 5359.0828  0.70  0.26  0.04
 5366.1619  0.71  0.23  0.06
 5372.5055  0.72  0.22  0.06
 5380.0613  0.72  0.21  0.06
 5386.2154  0.73  0.21  0.06
 5390.1642  0.71  0.23  0.05
 5396.8544  0.70  0.25  0.05
 5401.3002  0.69  0.26  0.06
 5406.1435  0.69  0.26  0.06
 5413.6295  0.68  0.27  0.06
 5417.1435  0.69  0.26  0.05
 5421.6761  0.69  0.26  0.06
 5426.1948  0.69  0.25  0.06
 5434.8757  0.69  0.25  0.06
 5439.4554  0.70  0.25  0.05
 5447.1844  0.71  0.23  0.06
 5451.9638  0.71  0.23  0.05
 5457.3872  0.71  0.23  0.06
 5462.3930  0.71  0.23  0.06
 5467.7275  0.72  0.23  0.06
 5476.1696  0.72  0.23  0.06
 5484.1403  0.72  0.23  0.06
 5487.4014  0.69  0.24  0.07
 5487.9453  0.70  0.23  0.07
 5489.6573  0.68  0.25  0.07
 5491.3421  0.69  0.24  0.07
 5494.0261  0.70  0.23  0.07
 5495.6072  0.72  0.21  0.07
 5498.0207  0.72  0.21  0.07
 5502.1595  0.73  0.20  0.07
 5505.4438  0.72  0.21  0.07
 5511.0163  0.73  0.20  0.07
 5514.8635  0.73  0.20  0.07
 5518.2674  0.73  0.21  0.06
 5520.9892  0.73  0.20  0.06
 5524.2754  0.72  0.21  0.07
 5527.7114  0.72  0.21  0.07
 5533.2499  0.73  0.20  0.06
 5542.8017  0.73  0.21  0.06
 5548.3360  0.73  0.21  0.06
 5551.0670  0.74  0.20  0.06
 5560.9890  0.74  0.21  0.04
 5566.0046  0.76  0.20  0.04
 5570.9840  0.75  0.20  0.04
 5574.1414  0.74  0.21  0.04
 5581.0120  0.74  0.21  0.04
 5585.6995  0.74  0.23  0.04
 5588.2093  0.73  0.23  0.04
 5592.4868  0.73  0.23  0.04
 5599.7721  0.72  0.23  0.04
 5605.8835  0.71  0.25  0.04
 5611.1561  0.69  0.27  0.04
 5615.6427  0.68  0.28  0.04
 5623.4623  0.69  0.27  0.04
 5628.2185  0.69  0.27  0.04
 5634.1840  0.70  0.27  0.03
 5641.0100  0.70  0.27  0.03
 5643.4951  0.69  0.28  0.04
 5649.6025  0.69  0.28  0.04
 5655.5397  0.66  0.30  0.04
 5662.2843  0.64  0.32  0.05
 5667.9531  0.65  0.30  0.06
 5672.3857  0.65  0.30  0.04
 5676.5427  0.65  0.32  0.04
 5684.5994  0.67  0.29  0.04
 5694.4305  0.68  0.28  0.04
 5698.8545  0.69  0.27  0.04
 5706.6578  0.68  0.29  0.04
 5714.2048  0.67  0.30  0.03
 5720.6187  0.67  0.30  0.03
 5726.2968  0.69  0.28  0.04
 5729.0356  0.70  0.27  0.04
 5732.6808  0.70  0.26  0.04
 5737.0590  0.69  0.27  0.04
 5740.0709  0.68  0.28  0.04
 5745.1846  0.67  0.29  0.04
 5747.5728  0.66  0.30  0.04
 5750.8376  0.66  0.31  0.04
 5756.2020  0.66  0.31  0.04
 5759.4401  0.67  0.30  0.03
 5761.5145  0.69  0.29  0.02
 5763.0105  0.68  0.30  0.02
 5764.9163  0.69  0.29  0.02
 5767.8174  0.70  0.28  0.02
 5770.2769  0.70  0.28  0.02
 5773.1367  0.69  0.28  0.03
 5775.4042  0.69  0.28  0.03
 5778.7598  0.71  0.26  0.03
 5784.5536  0.70  0.27  0.03
 5786.0729  0.70  0.27  0.03
 5789.3057  0.71  0.27  0.02
 5794.1772  0.70  0.27  0.03
 5796.3875  0.71  0.26  0.03
 5802.0536  0.71  0.26  0.03
 5804.9613  0.72  0.24  0.04
 5809.6817  0.73  0.23  0.04
 5814.8895  0.73  0.23  0.04
 5818.2366  0.74  0.22  0.04
 5824.4552  0.73  0.21  0.06
 5829.4555  0.74  0.20  0.06
 5834.0046  0.74  0.20  0.06
 5837.0808  0.73  0.20  0.07
 5841.2969  0.74  0.19  0.07
 5843.5831  0.73  0.19  0.07
 5847.2678  0.72  0.20  0.08
 5851.1237  0.73  0.19  0.08
 5852.9628  0.72  0.20  0.08
 5856.7671  0.69  0.21  0.10
 5863.0093  0.70  0.20  0.10
 5867.1182  0.69  0.21  0.10
 5872.1280  0.68  0.23  0.10
 5876.3193  0.68  0.23  0.09
 5879.3202  0.68  0.23  0.10
 5882.0817  0.68  0.23  0.10
 5884.6966  0.68  0.23  0.09
 5889.7509  0.66  0.25  0.10
 5892.9197  0.66  0.24  0.10
 5896.7492  0.68  0.23  0.10
 5898.6980  0.69  0.21  0.09
 5901.7108  0.70  0.21  0.09
 5904.6946  0.69  0.22  0.09
 5908.5193  0.71  0.21  0.07
 5910.9013  0.69  0.23  0.08
 5913.5508  0.69  0.23  0.08
 5917.1934  0.69  0.24  0.07
 5921.1094  0.68  0.24  0.07
 5924.2869  0.68  0.24  0.07
 5927.9941  0.69  0.24  0.07
 5931.8337  0.69  0.23  0.07
 5935.5740  0.71  0.21  0.07
 5941.4941  0.72  0.20  0.07
 5948.3753  0.71  0.20  0.09
 5952.1666  0.71  0.20  0.08
 5956.0164  0.70  0.21  0.08
 5959.1746  0.69  0.23  0.08
 5961.1443  0.71  0.21  0.08
 5963.9378  0.70  0.23  0.07
 5967.4790  0.69  0.24  0.07
 5971.9411  0.69  0.24  0.07
 5978.1628  0.69  0.25  0.07
 5982.6100  0.67  0.27  0.07
 5985.8552  0.67  0.27  0.07
 5989.7584  0.69  0.26  0.06
 5993.7788  0.68  0.27  0.06
 5997.4474  0.69  0.26  0.06
 6001.2447  0.69  0.26  0.06
 6005.3471  0.70  0.25  0.05
 6013.4281  0.70  0.25  0.04
 6016.3911  0.70  0.26  0.04
 6018.2822  0.70  0.27  0.04
 6020.7278  0.69  0.28  0.04
 6023.1920  0.71  0.26  0.03
 6024.6664  0.71  0.27  0.03
 6027.2771  0.72  0.26  0.03
 6031.5541  0.72  0.25  0.03
 6035.1241  0.72  0.26  0.02
 6037.3865  0.72  0.26  0.02
 6039.6243  0.72  0.26  0.02
 6042.5299  0.70  0.28  0.02
 6044.8178  0.70  0.28  0.02
 6046.4524  0.72  0.27  0.01
 6048.7599  0.71  0.27  0.01
 6052.1210  0.70  0.28  0.01
 6054.2686  0.71  0.27  0.01
 6057.3323  0.70  0.28  0.02
 6060.2809  0.69  0.28  0.02
 6062.4486  0.69  0.29  0.02
 6064.0849  0.69  0.29  0.01
 6065.4170  0.70  0.28  0.02
 6066.7381  0.69  0.28  0.03
 6069.0341  0.69  0.28  0.04
 6071.7982  0.68  0.28  0.04
 6074.5873  0.68  0.28  0.04
 6077.2112  0.67  0.29  0.04
 6079.1261  0.67  0.28  0.05
 6080.3559  0.67  0.28  0.05
 6082.4979  0.68  0.27  0.05
 6084.4346  0.68  0.27  0.05
 6087.5066  0.69  0.27  0.05
 6089.4801  0.69  0.26  0.05
 6092.0376  0.69  0.26  0.05
 6093.0610  0.69  0.26  0.05
 6094.6938  0.68  0.27  0.05
 6097.2578  0.67  0.28  0.05
 6099.7688  0.67  0.28  0.05
 6101.8733  0.68  0.28  0.04
 6103.1432  0.67  0.28  0.05
 6105.2841  0.67  0.28  0.05
 6105.5724  0.65  0.30  0.06
 6105.5984  0.63  0.32  0.05
 6105.6166  0.61  0.34  0.04
 6105.6347  0.59  0.35  0.05
 6105.6535  0.58  0.35  0.07
 6105.6744  0.58  0.35  0.07
 6105.6863  0.57  0.36  0.07
 6105.6968  0.57  0.35  0.07
 6105.7090  0.55  0.38  0.08
 6105.7285  0.54  0.38  0.09
 6105.7449  0.54  0.37  0.09
 6105.7884  0.52  0.39  0.10
 6105.8285  0.52  0.38  0.10
 6105.8645  0.51  0.39  0.10
 6105.9823  0.51  0.39  0.10
 6106.0667  0.53  0.38  0.10
 6106.3955  0.53  0.36  0.10
 6106.5152  0.54  0.36  0.10
 6106.8810  0.54  0.36  0.10
 6107.3134  0.55  0.34  0.10
 6107.6967  0.56  0.34  0.10
 6108.9537  0.56  0.34  0.10
 6109.9159  0.59  0.32  0.10
 6112.3502  0.61  0.30  0.09
 6115.5943  0.62  0.30  0.07
 6119.9289  0.64  0.28  0.07
 6127.9793  0.65  0.27  0.09
 6135.0975  0.66  0.26  0.08
 6154.8557  0.68  0.25  0.07
 6189.8463  0.68  0.24  0.07
 6216.9316  0.68  0.25  0.07
 6234.4206  0.69  0.25  0.06
 6261.1990  0.69  0.24  0.07
 6287.6107  0.69  0.24  0.07
 6302.3401  0.69  0.23  0.07
 6344.1888  0.69  0.24  0.07
 6357.4028  0.69  0.26  0.06
 6374.3672  0.68  0.26  0.06
 6397.2367  0.68  0.27  0.06
 6423.3814  0.67  0.27  0.06
 6440.4933  0.68  0.27  0.06
 6466.3794  0.69  0.25  0.06
 6506.5612  0.70  0.24  0.06
 6528.2345  0.70  0.24  0.06
 6542.0359  0.68  0.26  0.06
 6567.2666  0.69  0.27  0.05
 6589.0606  0.69  0.27  0.04
 6601.3827  0.68  0.28  0.04
 6612.0808  0.69  0.27  0.04
 6623.8152  0.70  0.27  0.04
 6645.9555  0.71  0.26  0.04
 6655.6117  0.73  0.23  0.04
 6661.2148  0.73  0.24  0.03
 6668.2659  0.74  0.23  0.03
 6678.2083  0.76  0.21  0.03
 6682.7060  0.78  0.20  0.03
 6686.6053  0.79  0.18  0.03
 6688.6462  0.80  0.17  0.04
 6691.5123  0.81  0.15  0.04
 6695.9406  0.80  0.17  0.04
 6703.2932  0.81  0.16  0.04
 6708.6412  0.81  0.15  0.04
 6716.5298  0.81  0.17  0.03
 6723.6309  0.81  0.17  0.03
 6732.3161  0.83  0.14  0.03
 6740.1592  0.84  0.14  0.03
 6749.3233  0.85  0.13  0.01
 6753.3645  0.86  0.12  0.01
 6756.3596  0.85  0.12  0.02
 6763.3227  0.86  0.12  0.02
 6770.1791  0.85  0.12  0.02
 6774.9098  0.83  0.14  0.03
 6789.4360  0.84  0.14  0.03
 6797.7386  0.83  0.14  0.03
 6807.8143  0.83  0.14  0.03
 6811.8169  0.81  0.16  0.03
 6818.2377  0.82  0.16  0.02
 6827.7957  0.81  0.17  0.01
 6837.4136  0.82  0.17  0.01
 6847.0352  0.84  0.15  0.01
 6856.2729  0.83  0.15  0.01
 6877.7889  0.83  0.15  0.01
 6888.9906  0.84  0.14  0.01
 6900.5138  0.84  0.14  0.01
 6910.2576  0.84  0.14  0.01
 6914.6182  0.83  0.15  0.01
 6915.7764  0.83  0.15  0.01
 6917.3773  0.82  0.16  0.01
 6919.6092  0.82  0.17  0.01
 6920.9558  0.82  0.17  0.01
 6924.1415  0.83  0.15  0.01
 6926.2891  0.86  0.14  0.01
 6927.9160  0.86  0.14  0.01
 6930.0403  0.86  0.13  0.01
 6932.8681  0.87  0.12  0.01
 6934.8668  0.89  0.11  0.01
 6935.9575  0.89  0.11  0.01
 6938.1845  0.89  0.10  0.01
 6940.8048  0.89  0.11  0.01
 6945.9826  0.87  0.12  0.01
 6950.3079  0.89  0.12  0.00
 6963.8366  0.88  0.12  0.00
 6970.6334  0.88  0.12  0.00
 6974.5795  0.88  0.12  0.00
 6978.6821  0.87  0.13  0.00
 6984.3281  0.88  0.12  0.00
 6989.9815  0.87  0.13  0.00
 6995.4470  0.88  0.12  0.00
 7000.1401  0.89  0.11  0.01
 7005.2199  0.88  0.12  0.01
 7010.1360  0.88  0.12  0.01
 7016.3230  0.88  0.12  0.01
 7026.8075  0.87  0.12  0.01
 7032.8024  0.87  0.12  0.01
 7039.6284  0.86  0.13  0.01
 7044.0810  0.86  0.13  0.01
 7047.0949  0.86  0.13  0.01
 7051.3613  0.86  0.12  0.01
 7060.4539  0.86  0.12  0.01
 7067.1733  0.87  0.12  0.01
 7072.1307  0.87  0.12  0.01
 7078.1782  0.88  0.11  0.01
 7088.3934  0.88  0.12  0.01
 7095.0596  0.88  0.11  0.01
 7098.6801  0.89  0.10  0.01
 7101.3413  0.89  0.10  0.01
 7108.6305  0.89  0.10  0.01
 7114.0395  0.88  0.12  0.01
 7122.8157  0.89  0.11  0.01
 7125.8883  0.90  0.10  0.01
 7129.8961  0.89  0.11  0.01
 7139.2139  0.89  0.10  0.01
 7147.3610  0.89  0.10  0.01
 7153.0830  0.90  0.10  0.01
 7160.8993  0.91  0.09  0.01
 7165.1766  0.90  0.10  0.01
 7170.4155  0.91  0.10  0.00
 7176.3309  0.89  0.12  0.00
 7182.4676  0.89  0.11  0.00
 7191.3990  0.89  0.10  0.01
 7197.5897  0.90  0.10  0.01
 7205.9766  0.90  0.10  0.01
 7211.7047  0.90  0.10  0.01
 7223.9220  0.89  0.11  0.01
 7230.2748  0.88  0.12  0.01
 7232.3948  0.85  0.13  0.01
 7238.2726  0.85  0.14  0.01
 7245.0696  0.85  0.13  0.01
 7250.7229  0.84  0.14  0.01
 7256.9173  0.84  0.14  0.01
 7259.1848  0.85  0.14  0.01
 7265.3320  0.83  0.15  0.01
 7267.5796  0.83  0.15  0.01
 7272.1327  0.83  0.15  0.01
 7279.2511  0.82  0.16  0.01
 7285.9619  0.82  0.17  0.01
 7290.5690  0.82  0.17  0.01
 7296.6588  0.83  0.15  0.01
 7301.6958  0.81  0.17  0.02
 7304.7791  0.81  0.17  0.01
 7310.1387  0.80  0.18  0.01
 7316.0796  0.80  0.18  0.01
 7324.1785  0.80  0.18  0.02
 7330.8501  0.80  0.18  0.02
 7338.1878  0.80  0.18  0.02
 7344.6616  0.82  0.17  0.01
 7347.5335  0.82  0.17  0.01
 7357.3466  0.81  0.17  0.01
 7367.5317  0.81  0.17  0.01
 7379.2061  0.82  0.17  0.01
 7386.6522  0.81  0.18  0.01
 7396.8100  0.82  0.17  0.01
 7407.6123  0.81  0.17  0.01
 7414.2847  0.81  0.17  0.01
 7419.6832  0.81  0.18  0.01
 7429.6838  0.81  0.17  0.02
 7434.8176  0.80  0.18  0.02
 7442.0199  0.81  0.17  0.02
 7453.2100  0.81  0.17  0.01
 7464.0677  0.82  0.17  0.01
 7474.7465  0.82  0.16  0.01
 7482.3966  0.82  0.16  0.02
 7486.4974  0.82  0.16  0.01
 7491.7761  0.83  0.15  0.01
 7499.3171  0.85  0.14  0.01
 7507.9369  0.84  0.14  0.01
 7513.5698  0.84  0.14  0.01
 7521.1331  0.85  0.14  0.01
 7529.6512  0.84  0.14  0.01
 7532.8463  0.84  0.14  0.02
 7542.8754  0.84  0.14  0.02
 7547.6591  0.84  0.14  0.02
 7555.8530  0.85  0.14  0.01
 7562.6017  0.85  0.13  0.02
 7573.9183  0.85  0.12  0.02
 7577.1343  0.85  0.13  0.01
 7583.4293  0.86  0.12  0.01
 7587.2667  0.86  0.12  0.01
 7591.7133  0.86  0.12  0.02
 7605.7935  0.84  0.14  0.02
 7609.0144  0.85  0.12  0.03
 7614.3494  0.86  0.12  0.02
 7617.6288  0.86  0.12  0.02
 7625.6406  0.85  0.12  0.02
 7634.3492  0.85  0.12  0.03
 7639.7676  0.85  0.12  0.03
 7653.8177  0.85  0.12  0.03
 7665.5206  0.85  0.12  0.03
 7672.3608  0.85  0.12  0.03
 7682.5427  0.85  0.12  0.02
 7688.7157  0.87  0.11  0.02
 7694.5037  0.88  0.10  0.02
 7704.9324  0.87  0.10  0.03
 7709.6372  0.87  0.11  0.02
 7716.5107  0.87  0.10  0.03
 7724.4411  0.87  0.10  0.03
 7726.7573  0.86  0.12  0.03
 7729.8539  0.84  0.12  0.04
 7734.5156  0.84  0.12  0.03
 7739.7640  0.86  0.10  0.03
 7746.2492  0.87  0.10  0.03
 7753.1672  0.84  0.14  0.03
 7763.8975  0.83  0.14  0.03
 7768.6558  0.83  0.14  0.03
 7774.7673  0.82  0.15  0.03
 7786.0616  0.82  0.15  0.03
 7795.8890  0.82  0.15  0.03
 7800.2154  0.81  0.17  0.03
 7805.8290  0.82  0.15  0.03
 7815.3187  0.81  0.17  0.03
 7823.0345  0.81  0.17  0.03
 7829.9904  0.81  0.17  0.03
 7838.8577  0.81  0.17  0.02
 7846.3082  0.81  0.17  0.02
 7851.0400  0.81  0.18  0.01
 7862.9972  0.81  0.17  0.01
 7868.6966  0.81  0.17  0.01
 7875.3726  0.83  0.17  0.01
 7882.5072  0.82  0.17  0.01
 7887.4652  0.81  0.18  0.01
 7895.7114  0.80  0.20  0.01
 7898.7817  0.81  0.18  0.01
 7900.8342  0.80  0.18  0.01
 7901.2668  0.80  0.19  0.01
 7902.2633  0.81  0.18  0.01
 7902.8034  0.80  0.20  0.01
 7903.7525  0.79  0.20  0.01
 7905.2810  0.79  0.20  0.01
 7906.7858  0.78  0.21  0.01
 7908.7691  0.78  0.20  0.01
 7911.0176  0.78  0.20  0.01
 7913.1288  0.77  0.21  0.01
 7917.0033  0.78  0.21  0.01
 7919.8598  0.79  0.20  0.01
 7923.6633  0.80  0.18  0.01
 7932.2844  0.80  0.18  0.01
 7935.9510  0.80  0.18  0.02
 7941.1345  0.79  0.20  0.02
 7951.6111  0.80  0.18  0.02
 7955.0540  0.80  0.19  0.01
 7961.5259  0.79  0.19  0.02
 7972.0299  0.80  0.19  0.01
 7987.2243  0.81  0.18  0.01
 7995.8700  0.81  0.17  0.01
 8004.2345  0.81  0.17  0.01
 8011.7264  0.83  0.15  0.01
 8021.8972  0.84  0.14  0.01
 8030.9698  0.84  0.13  0.03
 8036.4684  0.85  0.12  0.03
 8053.6148  0.87  0.11  0.02
 8064.3329  0.86  0.12  0.02
 8072.2437  0.86  0.11  0.03
 8083.5355  0.86  0.11  0.03
 8089.3338  0.84  0.13  0.03
 8094.2074  0.83  0.14  0.03
 8104.3235  0.82  0.14  0.03
 8108.3080  0.83  0.14  0.03
 8114.1396  0.83  0.14  0.03
 8120.0874  0.83  0.14  0.03
 8127.3337  0.84  0.12  0.03
 8136.0585  0.85  0.12  0.03
 8141.5182  0.85  0.12  0.03
 8148.2702  0.84  0.12  0.03
 8152.9537  0.84  0.12  0.04
 8157.7135  0.82  0.14  0.04
 8162.3712  0.83  0.14  0.04
 8167.6234  0.81  0.14  0.04
 8172.1433  0.81  0.14  0.04
 8176.9101  0.81  0.14  0.04
 8184.7456  0.80  0.15  0.05
 8191.1016  0.79  0.16  0.05
 8196.7776  0.80  0.17  0.04
 8206.6765  0.80  0.17  0.04
 8211.3424  0.79  0.17  0.04
 8215.4130  0.77  0.18  0.05
 8221.2542  0.77  0.17  0.06
 8229.8103  0.78  0.17  0.05
 8238.7183  0.77  0.17  0.06
 8248.0225  0.77  0.18  0.06
 8252.5050  0.77  0.18  0.06
 8260.6408  0.76  0.18  0.06
 8263.8178  0.77  0.17  0.06
 8264.1859  0.77  0.18  0.06
 8264.9765  0.77  0.18  0.06
 8266.0515  0.78  0.17  0.06
 8267.1799  0.77  0.17  0.06
 8268.3320  0.77  0.17  0.06
 8272.3521  0.78  0.18  0.04
 8275.0851  0.78  0.17  0.04
 8277.6724  0.78  0.18  0.04
 8281.5349  0.77  0.18  0.04
 8284.8501  0.76  0.20  0.04
 8288.6686  0.76  0.20  0.04
 8292.5120  0.77  0.19  0.04
 8295.8280  0.78  0.19  0.04
 8300.1516  0.77  0.20  0.03
 8303.4858  0.77  0.20  0.04
 8307.5845  0.78  0.19  0.03
 8314.2803  0.76  0.21  0.03
 8317.0782  0.74  0.22  0.04
 8322.7280  0.74  0.23  0.03
 8328.9197  0.73  0.24  0.03
 8333.3278  0.72  0.24  0.04
 8341.4419  0.72  0.24  0.03
 8348.0390  0.72  0.24  0.04
 8352.1930  0.72  0.24  0.03
 8361.1838  0.72  0.25  0.03
 8369.8363  0.72  0.25  0.03
 8375.4721  0.72  0.26  0.03
 8379.0533  0.72  0.25  0.03
 8389.0189  0.71  0.26  0.03
 8393.5077  0.72  0.24  0.04
 8401.2258  0.71  0.26  0.04
 8405.3822  0.71  0.26  0.04
 8413.2103  0.72  0.24  0.04
 8422.1436  0.73  0.23  0.04
 8426.8970  0.73  0.23  0.03
 8433.2354  0.73  0.23  0.03
 8442.6677  0.74  0.23  0.03
 8450.0071  0.74  0.23  0.03
 8457.0285  0.76  0.21  0.03
 8466.6605  0.77  0.21  0.03
 8471.1744  0.77  0.21  0.02
 8477.7991  0.77  0.21  0.02
 8482.1456  0.76  0.23  0.02
 8482.2349  0.71  0.26  0.03
 8482.2717  0.71  0.25  0.04
 8482.3307  0.70  0.26  0.04
 8482.3816  0.70  0.25  0.04
 8482.5133  0.70  0.26  0.04
 8482.6370  0.71  0.24  0.04
 8483.0130  0.71  0.25  0.04
 8483.4749  0.72  0.24  0.04
 8484.3773  0.72  0.24  0.04
 8486.8719  0.71  0.25  0.04
 8490.3149  0.70  0.25  0.04
 8494.6832  0.69  0.26  0.05
 8502.6311  0.69  0.27  0.05
 8520.8275  0.69  0.26  0.06
 8545.1400  0.69  0.25  0.06
 8596.3798  0.70  0.24  0.06
 8707.9810  0.69  0.25  0.06
 8840.8805  0.70  0.24  0.06
 9183.3677  0.70  0.24  0.06
 9565.9463  0.71  0.23  0.05
 9639.5233  0.74  0.21  0.04
 9705.4864  0.76  0.21  0.03
 9789.3443  0.78  0.20  0.03
 9809.9591  0.78  0.20  0.03
 9824.9165  0.79  0.18  0.03
 9886.6705  0.80  0.18  0.02
 9919.6127  0.80  0.18  0.02
 9957.3902  0.80  0.18  0.01
 9986.3083  0.81  0.17  0.01
10010.6592  0.81  0.17  0.01
10022.9810  0.81  0.17  0.01
10036.2179  0.82  0.17  0.01
10066.6871  0.83  0.15  0.01
10076.7552  0.84  0.15  0.01
10101.0413  0.85  0.14  0.01
10118.1098  0.83  0.17  0.01
10139.7255  0.83  0.17  0.01
10160.3153  0.83  0.16  0.01
10186.4534  0.81  0.17  0.01
10207.1705  0.82  0.17  0.01
10229.3544  0.82  0.17  0.01
10244.6544  0.82  0.17  0.01
10264.5824  0.82  0.17  0.01
10284.1666  0.82  0.17  0.01
10298.3379  0.81  0.17  0.01
10306.6820  0.81  0.17  0.01
10318.7897  0.81  0.17  0.01
10333.4843  0.81  0.17  0.01
10354.1193  0.81  0.18  0.01
10371.4386  0.81  0.17  0.01
10385.3475  0.81  0.18  0.01
10406.1693  0.81  0.17  0.01
10416.6420  0.80  0.18  0.01
10426.8031  0.80  0.18  0.02
10442.8119  0.78  0.20  0.02
10454.3373  0.80  0.18  0.02
10474.7514  0.81  0.17  0.02
10490.0454  0.80  0.18  0.02
10507.6823  0.81  0.17  0.02
10518.0157  0.81  0.17  0.02
10531.1513  0.81  0.17  0.02
10546.2407  0.81  0.17  0.02
10558.6196  0.80  0.18  0.02
10570.9968  0.80  0.18  0.02
10575.6714  0.81  0.18  0.01
10589.5451  0.81  0.17  0.01
10600.6322  0.81  0.17  0.01
10616.5449  0.81  0.17  0.01
10625.9971  0.81  0.17  0.01
10642.7185  0.83  0.15  0.01
10646.3696  0.83  0.15  0.01
10661.2896  0.82  0.17  0.01
10677.4435  0.83  0.16  0.01
10692.2997  0.83  0.17  0.01
10709.2552  0.85  0.14  0.01
10718.6841  0.85  0.14  0.01
10728.1107  0.85  0.14  0.01
10735.4235  0.86  0.13  0.01
10742.7185  0.85  0.14  0.01
10751.9630  0.85  0.14  0.01
10759.8776  0.85  0.14  0.01
10769.8591  0.83  0.15  0.01
10781.4721  0.84  0.14  0.01
10794.9899  0.83  0.15  0.02
10798.8878  0.83  0.15  0.02
10812.0861  0.83  0.14  0.03
10821.4854  0.84  0.14  0.03
10833.6341  0.84  0.14  0.03
10846.7098  0.83  0.14  0.03
10863.5779  0.82  0.15  0.03
10874.6423  0.82  0.14  0.04
10879.6586  0.82  0.14  0.04
10898.1498  0.81  0.14  0.04
10910.0058  0.82  0.14  0.04
10920.1972  0.81  0.14  0.04
10927.1039  0.81  0.14  0.04
10932.3243  0.81  0.15  0.04
10942.3368  0.80  0.16  0.04
10950.4491  0.81  0.15  0.04
10958.6679  0.80  0.15  0.04
10970.5773  0.80  0.15  0.04
10976.1808  0.81  0.15  0.04
10988.0138  0.81  0.15  0.04
10995.3685  0.81  0.15  0.04
11007.7230  0.79  0.17  0.04
11017.5539  0.78  0.18  0.04
11032.3399  0.77  0.20  0.04
11041.0740  0.76  0.20  0.04
11050.3026  0.76  0.20  0.04
11054.4151  0.77  0.20  0.04
11073.2735  0.77  0.20  0.03
11080.0661  0.77  0.20  0.03
11088.9221  0.78  0.20  0.03
11095.1842  0.78  0.20  0.03
11104.2004  0.77  0.20  0.03
11111.7531  0.76  0.22  0.03
11121.9307  0.76  0.21  0.03
11136.5932  0.76  0.21  0.03
11144.3156  0.76  0.22  0.02
11153.7843  0.74  0.23  0.03
11161.2684  0.74  0.23  0.03
11170.6591  0.74  0.23  0.02
11181.3715  0.74  0.24  0.02
11183.3367  0.74  0.24  0.02
11183.3535  0.74  0.24  0.01
11183.3726  0.73  0.24  0.02
11183.4005  0.73  0.24  0.03
11183.4431  0.73  0.24  0.03
11183.5593  0.72  0.25  0.03
11183.6628  0.71  0.26  0.03
11183.8814  0.70  0.26  0.04
11184.1544  0.70  0.26  0.04
11184.5058  0.70  0.26  0.04
11184.8998  0.69  0.26  0.04
11185.4219  0.71  0.24  0.04
11186.3571  0.73  0.23  0.04
11187.5595  0.72  0.23  0.05
11189.6687  0.72  0.23  0.05
11192.6079  0.72  0.23  0.05
11200.4198  0.74  0.20  0.05
11210.5186  0.77  0.18  0.05
11223.3321  0.77  0.18  0.05
11277.0499  0.77  0.18  0.05
11301.7176  0.78  0.18  0.04
11413.5580  0.79  0.16  0.06
11637.9143  0.79  0.17  0.05
11894.9928  0.80  0.15  0.04
12252.8805  0.80  0.15  0.05
12382.9812  0.81  0.14  0.04
12402.2786  0.82  0.14  0.04
12431.7992  0.82  0.14  0.04
12465.5998  0.83  0.13  0.04
12494.5561  0.81  0.14  0.04
