#  Time(s)   C-type  S-type T-type
 4074.4677  0.52  0.32  0.17
 4097.7828  0.49  0.34  0.17
 4152.4377  0.48  0.34  0.18
 4175.6052  0.48  0.34  0.18
 4192.6899  0.47  0.34  0.18
 4198.9749  0.45  0.36  0.20
 4199.2625  0.42  0.37  0.20
 4200.5039  0.41  0.37  0.23
 4202.2146  0.41  0.36  0.23
 4203.4565  0.40  0.36  0.24
 4205.7378  0.38  0.38  0.24
 4207.3639  0.38  0.39  0.24
 4224.5926  0.36  0.40  0.23
 4241.4635  0.38  0.38  0.24
 4264.2432  0.39  0.38  0.24
 4303.4256  0.38  0.38  0.24
 4332.9269  0.37  0.39  0.24
 4360.7220  0.37  0.40  0.23
 4383.2814  0.37  0.40  0.23
 4403.3437  0.38  0.41  0.21
 4422.9483  0.37  0.42  0.20
 4432.5072  0.40  0.41  0.19
 4460.2480  0.40  0.42  0.18
 4474.0427  0.41  0.41  0.17
 4496.6917  0.42  0.40  0.17
 4517.3242  0.42  0.42  0.16
 4533.0986  0.43  0.42  0.14
 4552.8322  0.44  0.42  0.14
 4565.0553  0.45  0.43  0.12
 4589.3235  0.43  0.45  0.12
 4602.3989  0.44  0.45  0.11
 4609.6132  0.47  0.44  0.10
 4624.3229  0.47  0.44  0.09
 4639.7703  0.45  0.47  0.09
 4646.4521  0.46  0.47  0.08
 4656.3612  0.46  0.46  0.08
 4664.2889  0.47  0.46  0.08
 4671.9985  0.46  0.47  0.07
 4681.5057  0.45  0.47  0.08
 4698.9908  0.44  0.47  0.09
 4713.4322  0.43  0.47  0.10
 4722.1829  0.41  0.48  0.10
 4737.3893  0.40  0.47  0.12
 4757.9347  0.39  0.48  0.13
 4771.8306  0.39  0.49  0.12
 4781.0582  0.40  0.47  0.12
 4799.6800  0.40  0.46  0.14
 4815.8763  0.41  0.46  0.14
 4822.1521  0.41  0.45  0.14
 4834.0615  0.44  0.42  0.14
 4847.4427  0.44  0.42  0.14
 4853.7979  0.43  0.41  0.15
 4865.3306  0.43  0.41  0.15
 4882.4483  0.44  0.41  0.15
 4895.6950  0.42  0.41  0.17
 4906.8030  0.42  0.41  0.17
 4924.2399  0.41  0.43  0.17
 4935.9879  0.41  0.42  0.17
 4949.7371  0.41  0.41  0.17
 4965.1336  0.41  0.42  0.16
 4976.0850  0.43  0.42  0.15
 4995.8164  0.44  0.41  0.14
 5006.8794  0.44  0.42  0.14
 5019.7430  0.47  0.39  0.14
 5028.5079  0.46  0.40  0.14
 5035.9545  0.47  0.39  0.14
 5042.1468  0.47  0.40  0.12
 5050.6971  0.47  0.41  0.12
 5058.5057  0.48  0.41  0.11
 5063.5724  0.45  0.45  0.10
 5074.0622  0.46  0.45  0.10
 5086.5177  0.46  0.45  0.09
 5093.8675  0.46  0.43  0.11
 5105.9797  0.47  0.43  0.10
 5113.6306  0.47  0.42  0.10
 5124.1692  0.47  0.42  0.11
 5135.7901  0.48  0.41  0.12
 5147.2782  0.48  0.41  0.12
 5159.3057  0.49  0.39  0.12
 5168.0497  0.48  0.39  0.13
 5179.5559  0.47  0.39  0.14
 5185.8409  0.47  0.39  0.14
 5198.7552  0.49  0.37  0.14
 5205.6650  0.49  0.38  0.14
 5213.1004  0.48  0.37  0.15
 5224.7689  0.46  0.40  0.14
 5233.5322  0.44  0.41  0.14
 5241.8992  0.45  0.41  0.14
 5249.4068  0.44  0.42  0.14
 5257.5612  0.44  0.41  0.14
 5267.2505  0.45  0.41  0.15
 5277.3159  0.43  0.41  0.16
 5285.3923  0.42  0.43  0.14
 5293.4193  0.44  0.41  0.15
 5301.3583  0.43  0.43  0.14
 5312.2563  0.45  0.41  0.14
 5318.4292  0.45  0.43  0.12
 5322.6614  0.44  0.43  0.13
 5327.6193  0.45  0.44  0.12
 5335.1218  0.45  0.44  0.12
 5341.3290  0.47  0.42  0.11
 5348.6651  0.47  0.42  0.12
 5361.1304  0.45  0.43  0.12
 5370.3241  0.43  0.43  0.13
 5383.9642  0.43  0.44  0.12
 5395.6377  0.45  0.41  0.14
 5406.3866  0.45  0.41  0.14
 5413.6456  0.45  0.41  0.14
 5421.4058  0.45  0.40  0.15
 5430.2228  0.46  0.39  0.16
 5435.8465  0.46  0.39  0.15
 5441.4518  0.47  0.39  0.15
 5446.9558  0.47  0.39  0.14
 5455.6821  0.45  0.41  0.14
 5462.9479  0.46  0.40  0.15
 5469.5912  0.45  0.40  0.15
 5475.6137  0.46  0.39  0.15
 5478.4510  0.46  0.40  0.14
 5482.1429  0.44  0.41  0.15
 5486.2534  0.44  0.41  0.15
 5491.1365  0.42  0.42  0.16
 5504.3880  0.42  0.42  0.15
 5510.3472  0.44  0.42  0.14
 5520.0024  0.46  0.41  0.14
 5531.1882  0.47  0.40  0.13
 5538.7279  0.47  0.41  0.12
 5540.9905  0.49  0.39  0.12
 5546.0947  0.48  0.40  0.12
 5554.9203  0.49  0.39  0.12
 5562.9858  0.50  0.40  0.10
 5569.8085  0.51  0.39  0.11
 5583.4618  0.51  0.39  0.10
 5588.7424  0.52  0.38  0.10
 5594.0573  0.53  0.37  0.10
 5598.5849  0.52  0.38  0.10
 5608.1007  0.52  0.38  0.10
 5611.3616  0.52  0.38  0.10
 5622.7035  0.52  0.38  0.10
 5627.8667  0.52  0.38  0.10
 5633.1735  0.53  0.39  0.09
 5637.9756  0.54  0.37  0.10
 5644.4138  0.55  0.36  0.09
 5649.4432  0.54  0.36  0.10
 5653.4853  0.52  0.38  0.10
 5653.7111  0.51  0.38  0.11
 5653.7367  0.51  0.39  0.10
 5653.7772  0.50  0.38  0.12
 5653.8355  0.48  0.39  0.13
 5653.8681  0.47  0.39  0.14
 5653.9268  0.48  0.38  0.14
 5653.9780  0.48  0.38  0.14
 5654.0165  0.47  0.39  0.14
 5654.0625  0.47  0.39  0.15
 5654.1287  0.46  0.39  0.15
 5654.2129  0.46  0.39  0.15
 5654.2729  0.45  0.39  0.17
 5654.3823  0.45  0.39  0.16
 5654.4687  0.45  0.39  0.17
 5654.5599  0.47  0.37  0.17
 5654.6359  0.46  0.38  0.17
 5654.7010  0.47  0.38  0.15
 5654.8065  0.45  0.40  0.15
 5654.8652  0.45  0.40  0.15
 5654.9904  0.46  0.41  0.14
 5655.2991  0.47  0.40  0.13
 5655.4894  0.47  0.40  0.14
 5655.7455  0.47  0.41  0.12
 5656.0064  0.49  0.39  0.12
 5656.3982  0.47  0.42  0.12
 5656.9777  0.45  0.43  0.12
 5657.4176  0.47  0.42  0.12
 5658.1030  0.47  0.42  0.12
 5658.9104  0.47  0.42  0.11
 5659.8560  0.47  0.43  0.10
 5660.8577  0.47  0.43  0.10
 5662.4286  0.48  0.44  0.08
 5664.9043  0.47  0.45  0.09
 5666.8414  0.47  0.43  0.09
 5669.7879  0.47  0.45  0.09
 5672.6480  0.47  0.43  0.10
 5678.2618  0.46  0.45  0.10
 5683.2490  0.44  0.47  0.10
 5690.0532  0.46  0.46  0.09
 5698.1237  0.46  0.44  0.10
 5710.0119  0.46  0.45  0.10
 5717.5195  0.46  0.45  0.10
 5728.3000  0.46  0.44  0.10
 5742.6597  0.44  0.46  0.10
 5749.9994  0.46  0.45  0.10
 5759.1606  0.46  0.44  0.10
 5773.3508  0.45  0.46  0.10
 5780.8233  0.46  0.45  0.09
 5787.5782  0.45  0.45  0.10
 5795.1697  0.44  0.45  0.12
 5809.5190  0.44  0.45  0.12
 5822.1073  0.45  0.43  0.12
 5831.3776  0.46  0.42  0.12
 5841.6707  0.45  0.42  0.13
 5849.3273  0.45  0.41  0.14
 5857.7871  0.44  0.41  0.14
 5870.0842  0.46  0.39  0.15
 5875.0073  0.48  0.36  0.15
 5880.7820  0.47  0.37  0.15
 5886.6596  0.46  0.38  0.16
 5896.4460  0.45  0.39  0.16
 5909.8091  0.47  0.38  0.15
 5919.6202  0.48  0.37  0.14
 5928.5341  0.49  0.35  0.15
 5941.2091  0.49  0.35  0.16
 5950.7691  0.50  0.34  0.16
 5957.9496  0.48  0.34  0.17
 5965.2098  0.48  0.34  0.17
 5972.1229  0.51  0.33  0.17
 5977.9963  0.51  0.33  0.16
 5982.9527  0.52  0.33  0.16
 5991.5273  0.52  0.33  0.15
 5996.7482  0.52  0.33  0.15
 6002.5108  0.54  0.34  0.13
 6008.0856  0.53  0.34  0.13
 6012.5641  0.55  0.34  0.11
 6017.0293  0.54  0.36  0.10
 6023.6792  0.54  0.35  0.10
 6027.3328  0.54  0.35  0.11
 6037.3005  0.55  0.35  0.10
 6045.2027  0.55  0.34  0.10
 6051.2422  0.53  0.36  0.10
 6055.3208  0.51  0.38  0.12
 6060.2049  0.50  0.39  0.12
 6066.0420  0.50  0.39  0.12
 6069.6616  0.50  0.39  0.11
 6076.6747  0.52  0.38  0.10
 6078.3030  0.52  0.39  0.10
 6078.9207  0.49  0.40  0.10
 6078.9650  0.48  0.41  0.10
 6079.0452  0.49  0.40  0.11
 6079.0862  0.51  0.39  0.10
 6079.1188  0.51  0.39  0.10
 6079.2497  0.47  0.41  0.12
 6080.7936  0.49  0.40  0.11
 6082.8272  0.48  0.40  0.12
 6085.2519  0.47  0.40  0.14
 6086.8560  0.46  0.41  0.13
 6088.7093  0.46  0.41  0.13
 6088.9211  0.46  0.41  0.13
 6090.7253  0.45  0.43  0.12
 6106.6801  0.46  0.41  0.12
 6123.8608  0.47  0.42  0.11
 6175.9615  0.46  0.42  0.12
 6210.2035  0.46  0.43  0.10
 6248.8260  0.47  0.42  0.10
 6283.8574  0.45  0.45  0.10
 6375.6945  0.45  0.45  0.10
 6392.8774  0.45  0.47  0.09
 6446.1020  0.45  0.47  0.09
 6544.5988  0.43  0.48  0.08
 6642.2578  0.41  0.50  0.09
 6732.8725  0.41  0.49  0.10
 6734.2371  0.41  0.50  0.09
 6781.8897  0.40  0.51  0.10
 6794.1465  0.39  0.51  0.10
 6821.1610  0.42  0.49  0.09
 6849.0206  0.41  0.49  0.10
 6902.1974  0.40  0.50  0.10
 6945.0332  0.39  0.51  0.10
 6982.6340  0.40  0.48  0.12
 7013.0008  0.39  0.48  0.14
 7070.2636  0.39  0.47  0.14
 7090.7328  0.40  0.47  0.14
 7128.1272  0.41  0.44  0.15
 7148.2728  0.41  0.44  0.15
 7174.4681  0.41  0.42  0.16
 7190.7487  0.41  0.44  0.15
 7215.7793  0.43  0.41  0.17
 7232.9475  0.41  0.42  0.17
 7250.5666  0.41  0.42  0.16
 7295.6540  0.43  0.41  0.15
 7339.6385  0.42  0.44  0.14
 7359.2274  0.43  0.42  0.14
 7385.7980  0.45  0.41  0.14
 7423.1844  0.45  0.41  0.14
 7461.0261  0.43  0.43  0.14
 7474.9400  0.45  0.42  0.13
 7497.3238  0.45  0.42  0.12
 7524.9531  0.46  0.41  0.12
 7541.5363  0.48  0.41  0.10
 7564.6879  0.49  0.41  0.10
 7584.5657  0.49  0.41  0.10
 7600.4950  0.49  0.41  0.10
 7618.7966  0.49  0.42  0.09
 7633.7080  0.48  0.42  0.10
 7655.6300  0.49  0.41  0.10
 7684.6153  0.51  0.39  0.10
 7708.9613  0.50  0.40  0.10
 7731.6446  0.51  0.37  0.12
 7757.5737  0.51  0.36  0.14
 7796.0801  0.49  0.35  0.15
 7804.7047  0.50  0.34  0.17
 7827.9468  0.52  0.32  0.17
 7846.2978  0.51  0.34  0.16
 7877.1472  0.51  0.34  0.15
 7907.1296  0.52  0.33  0.16
 7916.7588  0.52  0.32  0.17
 7932.4779  0.53  0.31  0.17
 7948.8168  0.53  0.32  0.16
 7971.2828  0.51  0.33  0.16
 7985.7300  0.51  0.34  0.16
 8005.1139  0.49  0.34  0.17
 8020.5166  0.48  0.35  0.17
 8048.2497  0.47  0.36  0.17
 8066.1761  0.47  0.36  0.16
 8082.6555  0.47  0.36  0.17
 8098.1963  0.47  0.37  0.16
 8104.8269  0.49  0.35  0.15
 8116.8232  0.51  0.36  0.14
 8127.4798  0.51  0.36  0.12
 8146.4558  0.52  0.36  0.12
 8159.2499  0.52  0.37  0.11
 8171.4663  0.50  0.37  0.13
 8194.0107  0.52  0.35  0.13
 8220.8696  0.50  0.36  0.14
 8236.6902  0.50  0.35  0.14
 8247.7854  0.49  0.37  0.14
 8265.5095  0.49  0.38  0.14
 8278.7561  0.49  0.35  0.15
 8298.9738  0.48  0.36  0.15
 8325.2536  0.48  0.38  0.14
 8332.5153  0.47  0.39  0.14
 8341.5320  0.49  0.36  0.14
 8355.5954  0.52  0.34  0.14
 8366.9675  0.53  0.34  0.14
 8377.2814  0.52  0.35  0.13
 8390.4279  0.51  0.36  0.14
 8395.4657  0.49  0.36  0.14
 8407.8644  0.48  0.36  0.15
 8421.9918  0.48  0.35  0.16
 8427.0175  0.48  0.36  0.15
 8439.6460  0.47  0.37  0.16
 8447.3985  0.48  0.37  0.14
 8455.9103  0.47  0.38  0.15
 8475.9152  0.47  0.38  0.15
 8489.0399  0.47  0.38  0.14
 8503.2723  0.48  0.38  0.14
 8515.2444  0.47  0.37  0.16
 8527.1800  0.47  0.38  0.15
 8540.7558  0.48  0.36  0.15
 8550.5004  0.49  0.35  0.16
 8559.4622  0.51  0.33  0.17
 8566.6373  0.48  0.35  0.17
 8585.0157  0.47  0.36  0.17
 8597.1224  0.45  0.37  0.18
 8614.5202  0.45  0.36  0.18
 8633.2230  0.45  0.36  0.20
 8642.8512  0.44  0.35  0.20
 8656.5624  0.45  0.35  0.20
 8665.8056  0.45  0.35  0.20
 8677.6988  0.47  0.34  0.20
 8692.3920  0.47  0.33  0.20
 8707.6300  0.46  0.35  0.19
 8722.7226  0.47  0.34  0.18
 8738.1889  0.47  0.34  0.18
 8754.1283  0.46  0.36  0.18
 8761.9385  0.46  0.35  0.19
 8775.7814  0.47  0.36  0.17
 8786.7311  0.47  0.37  0.17
 8813.2254  0.46  0.38  0.17
 8830.4527  0.45  0.39  0.16
 8837.8184  0.45  0.40  0.15
 8850.9535  0.47  0.39  0.15
 8851.0899  0.46  0.39  0.15
 8851.1066  0.45  0.40  0.16
 8851.1753  0.44  0.40  0.16
 8851.2259  0.44  0.41  0.15
 8851.3051  0.44  0.40  0.16
 8851.7165  0.43  0.41  0.15
 8852.3421  0.42  0.41  0.17
 8855.1249  0.41  0.41  0.17
 8861.2946  0.42  0.41  0.17
 8868.0181  0.41  0.41  0.17
 8875.3445  0.40  0.41  0.18
 8900.1665  0.39  0.42  0.19
 8938.5949  0.38  0.43  0.19
 8978.0531  0.38  0.43  0.19
 9096.2912  0.40  0.41  0.20
 9162.1891  0.39  0.41  0.20
 9335.4866  0.38  0.41  0.21
 9430.5018  0.36  0.40  0.24
 9557.8165  0.34  0.41  0.24
 9605.4491  0.34  0.41  0.26
 9659.2360  0.35  0.39  0.26
 9734.3211  0.35  0.39  0.26
 9785.2805  0.35  0.38  0.28
 9870.6310  0.35  0.38  0.28
 9918.2819  0.35  0.39  0.26
 9933.4774  0.36  0.38  0.26
 9987.3101  0.35  0.40  0.26
10055.0326  0.34  0.40  0.26
10104.9826  0.31  0.41  0.28
10130.7217  0.33  0.40  0.28
10148.2427  0.33  0.40  0.27
10199.7067  0.34  0.39  0.27
10233.7003  0.35  0.38  0.28
10297.0168  0.33  0.39  0.28
10322.2841  0.30  0.41  0.28
10340.0979  0.31  0.41  0.28
10372.5422  0.30  0.41  0.28
10409.8117  0.32  0.43  0.26
10450.2291  0.31  0.42  0.27
10505.8586  0.31  0.44  0.25
10527.7272  0.30  0.44  0.26
10562.0284  0.29  0.43  0.28
10592.5467  0.30  0.45  0.26
10615.8987  0.30  0.45  0.26
10644.9311  0.28  0.46  0.27
10697.6269  0.28  0.45  0.28
10718.2065  0.28  0.44  0.28
10761.2155  0.28  0.45  0.27
10787.4571  0.28  0.44  0.28
10806.8976  0.28  0.45  0.28
10854.6165  0.26  0.45  0.29
10878.4865  0.25  0.46  0.29
10904.4375  0.24  0.47  0.28
10919.4909  0.26  0.46  0.28
10936.5952  0.26  0.47  0.28
10961.1795  0.25  0.47  0.28
10995.3872  0.24  0.48  0.28
11002.0073  0.24  0.49  0.27
11002.2154  0.27  0.47  0.26
11004.3805  0.28  0.45  0.27
11147.4562  0.30  0.46  0.24
