# Time   AE-rate
   0.733   0.030
   0.702   0.038
   0.678   0.051
   0.657   0.051
   0.638   0.056
   0.623   0.083
   0.611   0.086
   0.599   0.089
   0.588   0.099
   0.577   0.095
   0.566   0.098
   0.557   0.116
   0.548   0.127
   0.540   0.136
   0.533   0.158
   0.527   0.150
   0.520   0.178
   0.514   0.197
   0.509   0.196
   0.504   0.217
   0.500   0.208
   0.495   0.210
   0.490   0.200
   0.484   0.201
   0.479   0.204
   0.474   0.203
   0.469   0.183
   0.464   0.189
   0.458   0.189
   0.453   0.200
   0.448   0.200
   0.443   0.205
   0.438   0.198
   0.433   0.189
   0.427   0.181
   0.421   0.189
   0.416   0.209
   0.411   0.211
   0.406   0.211
   0.402   0.207
   0.397   0.222
   0.392   0.228
   0.387   0.261
   0.384   0.288
   0.380   0.322
   0.377   0.411
   0.375   0.414
   0.372   0.408
   0.370   0.422
   0.367   0.460
   0.365   0.526
   0.363   0.533
   0.361   0.537
   0.360   0.532
   0.358   0.576
   0.356   0.564
   0.354   0.550
   0.352   0.615
   0.351   0.684
   0.349   0.765
   0.348   0.802
   0.347   1.012
   0.346   0.979
   0.345   1.044
   0.344   1.013
   0.343   1.044
   0.342   1.129
   0.341   0.949
   0.340   0.927
   0.339   0.870
   0.337   0.841
   0.336   0.596
   0.334   0.563
   0.332   0.547
   0.331   0.528
   0.329   0.498
   0.326   0.470
   0.324   0.447
   0.322   0.457
   0.320   0.449
   0.317   0.425
   0.315   0.489
   0.313   0.501
   0.311   0.522
   0.309   0.511
   0.307   0.503
   0.305   0.480
   0.303   0.500
   0.301   0.460
   0.298   0.434
   0.296   0.424
   0.294   0.428
   0.291   0.393
   0.288   0.346
   0.285   0.335
   0.282   0.340
   0.279   0.387
   0.277   0.412
   0.274   0.417
   0.272   0.453
   0.270   0.456
   0.267   0.478
   0.265   0.535
   0.264   0.652
   0.262   0.800
   0.261   0.883
   0.260   0.812
   0.258   0.805
   0.257   0.876
   0.256   0.846
   0.255   0.911
   0.254   0.724
   0.252   0.733
   0.251   0.685
   0.249   0.629
   0.247   0.634
   0.246   0.669
   0.244   0.630
   0.243   0.625
   0.241   0.604
   0.239   0.590
   0.238   0.678
   0.236   0.653
   0.235   0.651
   0.233   0.664
   0.231   0.604
   0.230   0.601
   0.228   0.597
   0.226   0.595
   0.225   0.606
   0.223   0.621
   0.221   0.659
   0.220   0.670
   0.218   0.664
   0.217   0.631
   0.215   0.700
   0.214   0.709
   0.212   0.721
   0.211   0.757
   0.210   0.806
   0.208   0.800
   0.207   0.686
   0.205   0.720
   0.204   0.844
   0.203   0.982
   0.202   1.003
   0.201   1.005
   0.200   1.068
   0.199   1.078
   0.198   1.122
   0.197   1.263
   0.196   1.624
   0.196   1.613
   0.195   1.435
   0.194   1.345
   0.194   1.324
   0.193   1.377
   0.192   1.379
   0.191   1.420
   0.191   1.427
   0.190   1.514
   0.189   1.263
   0.188   1.151
   0.187   1.097
   0.186   1.098
   0.186   1.099
   0.185   1.038
   0.184   1.060
   0.183   1.028
   0.182   0.958
   0.181   0.963
   0.179   1.133
   0.179   1.376
   0.178   1.648
   0.177   1.694
   0.177   1.653
   0.176   1.787
   0.175   1.587
   0.175   1.673
   0.174   1.700
   0.174   1.447
   0.173   1.399
   0.172   1.258
   0.171   1.059
   0.170   1.018
   0.169   1.017
   0.168   1.045
   0.167   1.154
   0.166   1.124
   0.166   1.083
   0.165   1.155
   0.164   1.159
   0.163   1.150
   0.162   1.315
   0.161   1.399
   0.160   1.392
   0.160   1.135
   0.159   1.117
   0.158   1.095
   0.157   1.210
   0.156   1.196
   0.155   1.151
   0.154   1.232
   0.153   1.292
   0.153   1.284
   0.152   1.243
   0.151   1.382
   0.150   1.209
   0.149   1.190
   0.149   1.006
   0.147   0.979
   0.146   0.956
   0.145   0.959
   0.144   0.894
   0.143   0.891
   0.142   0.902
   0.141   0.871
   0.140   0.971
   0.139   1.022
   0.138   1.161
   0.137   1.097
   0.136   1.204
   0.135   1.069
   0.134   1.090
   0.133   1.093
   0.132   1.177
   0.131   1.228
   0.131   1.174
   0.130   1.179
   0.129   1.150
   0.128   1.117
   0.127   1.080
   0.126   1.210
   0.125   1.206
   0.124   1.248
   0.123   1.237
   0.123   1.376
   0.122   1.329
   0.121   1.287
   0.120   1.236
   0.120   1.394
   0.119   1.418
   0.118   1.151
   0.117   1.214
   0.116   1.206
   0.115   1.233
   0.115   1.227
   0.114   1.357
   0.113   1.419
   0.112   1.520
   0.112   1.577
   0.111   1.572
   0.110   2.225
   0.110   2.201
   0.110   2.116
   0.109   1.839
   0.108   1.674
   0.108   1.710
   0.107   1.641
   0.107   1.750
   0.106   1.508
   0.105   1.489
   0.105   1.410
   0.104   1.449
   0.103   1.537
   0.103   1.651
   0.102   1.761
   0.101   1.652
   0.101   1.797
   0.100   1.713
   0.100   1.822
   0.099   1.904
   0.098   2.005
   0.098   2.051
   0.097   1.869
   0.097   1.887
   0.096   1.942
   0.096   1.984
   0.095   1.634
   0.095   1.411
   0.094   1.460
   0.093   1.404
   0.092   1.333
   0.092   1.294
   0.091   1.362
   0.090   1.289
   0.089   1.210
   0.088   1.096
   0.087   1.192
   0.087   1.404
   0.086   1.365
   0.085   1.321
   0.084   1.315
   0.084   1.210
   0.083   1.180
   0.082   1.271
   0.081   1.293
   0.080   1.421
   0.080   1.331
   0.079   1.300
   0.078   1.372
   0.077   1.410
   0.077   1.387
   0.076   1.480
   0.075   1.581
   0.074   1.339
   0.074   1.310
   0.073   1.397
   0.072   1.440
   0.071   1.356
   0.071   1.419
   0.070   1.396
   0.069   1.402
   0.069   1.350
   0.068   1.328
   0.067   1.565
   0.066   1.538
   0.066   1.477
   0.065   1.549
   0.064   1.694
   0.064   1.568
   0.063   1.637
   0.062   1.668
   0.062   1.772
   0.061   1.689
   0.061   1.748
   0.060   1.946
   0.060   1.853
   0.059   1.697
   0.058   1.709
   0.058   1.650
   0.057   1.616
   0.057   1.714
   0.056   1.869
   0.055   2.110
   0.055   2.067
   0.055   2.153
   0.054   2.216
   0.054   2.554
   0.053   2.625
   0.053   2.979
   0.052   3.596
   0.052   3.636
   0.052   3.410
   0.052   3.012
   0.051   3.037
   0.051   2.876
   0.051   3.040
   0.050   3.071
   0.050   2.751
   0.049   2.643
   0.049   2.409
   0.049   2.325
   0.048   2.320
   0.048   2.411
   0.047   2.354
   0.047   2.297
   0.046   2.181
   0.046   2.181
   0.046   2.281
   0.045   2.535
   0.045   2.739
   0.044   2.890
   0.044   2.657
   0.044   2.306
   0.043   2.455
   0.043   2.603
   0.042   2.826
   0.042   2.587
   0.042   2.607
   0.041   2.402
   0.041   2.190
   0.040   2.048
   0.040   1.922
   0.039   2.122
   0.039   1.936
   0.038   1.611
   0.037   1.517
   0.037   1.531
   0.036   1.471
   0.035   1.502
   0.035   1.573
   0.034   1.576
   0.033   1.539
   0.033   1.545
   0.032   1.469
   0.031   1.732
   0.031   1.758
   0.030   1.701
   0.030   1.714
   0.029   1.543
   0.028   1.556
   0.028   1.622
   0.027   1.756
   0.027   1.825
   0.026   2.047
   0.025   2.021
   0.025   1.972
   0.024   2.081
   0.024   1.923
   0.023   2.162
   0.023   2.218
   0.023   2.080
   0.022   2.127
   0.022   2.003
   0.021   1.984
   0.021   2.076
   0.020   2.239
   0.020   2.145
   0.019   2.611
   0.019   2.518
   0.018   2.403
   0.018   2.537
   0.017   2.595
   0.017   2.570
   0.017   2.665
   0.016   2.447
   0.016   2.446
   0.015   2.882
   0.015   2.917
   0.015   3.331
   0.014   3.413
   0.014   3.964
   0.014   4.358
   0.014   5.447
   0.014   6.090
   0.013   7.612
   0.013   6.577
   0.013   5.416
   0.013   4.656
   0.013   4.353
   0.012   4.350
   0.012   4.266
   0.012   4.116
   0.012   3.625
   0.011   3.181
   0.011   2.983
   0.011   3.257
   0.010   3.328
   0.010   3.305
   0.010   2.939
   0.009   3.041
   0.009   2.935
   0.009   2.940
   0.008   2.945
   0.008   2.999
   0.008   3.001
   0.007   2.969
   0.007   2.944
   0.007   3.132
   0.006   3.277
   0.006   3.391
   0.006   3.233
   0.005   3.153
   0.005   3.407
   0.005   3.525
   0.004   3.378
   0.004   3.568
   0.004   3.118
   0.004   2.740
   0.003   2.877
   0.003   2.770
   0.002   2.847
   0.002   3.061
   0.002   3.148
   0.001   3.422
   0.001   4.066
   0.001   4.293
   0.001   6.210
   0.001  10.751
   0.000  19.265
   0.000  34.802
   0.000 356.081
   0.000 322.345
   0.000 301.997
   0.000 237.799
   0.000 188.405
   0.000 179.027
   0.000 170.422
   0.000 164.511
   0.000 124.564
   0.000 107.044
   0.000  87.422
   0.000  81.470
   0.000  78.584
   0.000  74.301
   0.000  68.201
   0.000  63.037
   0.000  55.712
   0.000  46.315
   0.000  48.269
   0.000  50.582
   0.000  52.512
   0.000  48.699
   0.000  46.268
   0.000  45.402
