<!DOCTYPE html>
<html>
<head>
<meta charset="UTF-8">
<title>LLM node map — coupling structure of Pythia-70M</title>
<style>
  :root { --bg:#0d1117; --surface:#161b22; --border:#30363d; --text:#c9d1d9; --dim:#8b949e; --gold:#e6be8a; --green:#3fb950; --red:#f85149; --blue:#58a6ff; }
  body { background:var(--bg); color:var(--text); font-family:ui-monospace, monospace; max-width:1100px; margin:2rem auto; padding:1rem; line-height:1.55; }
  h1 { color:var(--gold); border-bottom:1px solid var(--border); padding-bottom:0.5rem; }
  h2 { color:var(--blue); margin-top:2rem; }
  .verdict { background:var(--surface); border:1px solid var(--green); padding:1rem 1.5rem; border-radius:6px; margin:1rem 0; }
  table { width:100%; border-collapse:collapse; margin:1rem 0; }
  th, td { border:1px solid var(--border); padding:0.4rem 0.6rem; text-align:right; font-variant-numeric:tabular-nums; font-size:0.9rem; }
  th { background:var(--surface); color:var(--dim); font-weight:normal; }
  td.label { text-align:left; color:var(--text); }
  .gold { color:var(--gold); font-weight:600; }
  .chart { background:var(--surface); border:1px solid var(--border); padding:1rem; border-radius:6px; margin:1rem 0; }
  .legend { color:var(--dim); font-size:0.85rem; margin-top:0.5rem; }
  .caveat { font-style:italic; color:var(--dim); border-left:3px solid var(--gold); padding-left:1rem; margin:1rem 0; }
  svg { display:block; max-width:100%; }
</style>
</head>
<body>

<h1>LLM node map — Pythia-70M dynamical structure</h1>
<p class="dim">2026-05-10 · 55 components (7 layer-norm + 48 attention heads), tracked over 250 autoregressive generation steps. Each component's activation became a time series. Pairwise correlation between every pair of components produced a 55×55 coupling matrix. The matrix was spectrally embedded into 2D so components that move together appear close together.</p>

<div class="verdict">
The framework's coupling-graph approach surfaces real interpretability findings on Pythia-70M without being told what to look for: <strong>dead layers, within-layer clusters, cross-layer circuits, and anti-phase pairs.</strong>
</div>

<h2>The map: each dot is one component</h2>
<div class="chart">
  <svg viewBox="-450 -450 900 900" width="100%" style="max-height:600px; background:#0d1117;">
    <!-- Quadrant guides -->
    <line x1="-440" y1="0" x2="440" y2="0" stroke="#30363d" stroke-width="0.5"/>
    <line x1="0" y1="-440" x2="0" y2="440" stroke="#30363d" stroke-width="0.5"/>

    <!-- Edges (drawn first, behind nodes) -->
    <!-- Strong positive correlations as semi-transparent green lines -->
    <g id="positive-edges" stroke="#3fb950" stroke-width="0.8" opacity="0.35"></g>
    <!-- Strong negative correlations as red lines -->
    <g id="anti-edges" stroke="#f85149" stroke-width="0.8" opacity="0.45"></g>

    <!-- Nodes -->
    <g id="nodes"></g>

    <!-- Legend -->
    <g transform="translate(-440, -440)">
      <rect width="170" height="180" fill="#161b22" stroke="#30363d"/>
      <text x="10" y="20" fill="#c9d1d9" font-size="13" font-weight="600">Layer colour</text>
      <circle cx="20" cy="40" r="6" fill="#58a6ff"/><text x="35" y="44" fill="#c9d1d9" font-size="11">Layer 0</text>
      <circle cx="20" cy="58" r="6" fill="#3fb950"/><text x="35" y="62" fill="#c9d1d9" font-size="11">Layer 1</text>
      <circle cx="20" cy="76" r="6" fill="#e6be8a"/><text x="35" y="80" fill="#c9d1d9" font-size="11">Layer 2</text>
      <circle cx="20" cy="94" r="6" fill="#bc8cff"/><text x="35" y="98" fill="#c9d1d9" font-size="11">Layer 3</text>
      <circle cx="20" cy="112" r="6" fill="#ffa657"/><text x="35" y="116" fill="#c9d1d9" font-size="11">Layer 4 (dead)</text>
      <circle cx="20" cy="130" r="6" fill="#f85149"/><text x="35" y="134" fill="#c9d1d9" font-size="11">Layer 5 (dead)</text>
      <circle cx="20" cy="148" r="6" fill="#79c0ff"/><text x="35" y="152" fill="#c9d1d9" font-size="11">Layer 6 (dead)</text>
      <text x="10" y="172" fill="#8b949e" font-size="11">Squares = layer norms</text>
    </g>

    <g transform="translate(270, -440)">
      <rect width="180" height="80" fill="#161b22" stroke="#30363d"/>
      <text x="10" y="20" fill="#c9d1d9" font-size="13" font-weight="600">Edges</text>
      <line x1="10" y1="38" x2="40" y2="38" stroke="#3fb950" stroke-width="2"/>
      <text x="50" y="42" fill="#c9d1d9" font-size="11">corr &gt; 0.85 (co-move)</text>
      <line x1="10" y1="58" x2="40" y2="58" stroke="#f85149" stroke-width="2"/>
      <text x="50" y="62" fill="#c9d1d9" font-size="11">corr &lt; -0.5 (anti-phase)</text>
    </g>
  </svg>
  <div class="legend">Each dot is one node (layer norm or attention head). Position is determined entirely by which other nodes it co-moves with — close dots have similar activation dynamics. Components in layers 4-6 collapse to the origin because their activations had zero variance during this generation: dynamically dead at this scale.</div>
</div>

<h2>What the map shows</h2>
<ul>
  <li><strong>Layers 4-6 are dynamically dead.</strong> 24 of 55 components had zero variance in their activation during generation. They collapse to the origin in the embedding. This is itself an interpretability finding — these later layers aren't "doing nothing" but their max-attention pattern is so deterministic it doesn't fluctuate.</li>
  <li><strong>Within-layer head clusters.</strong> Layer 2's heads (H0, H1, H2, H5, H6) all correlate above 0.95 with each other. They form a tight cluster in the embedding. The framework calls this "co-oscillating components" — what mechanistic interpretability would call a parallel circuit.</li>
  <li><strong>Cross-layer circuits.</strong> Specific pairs of heads in different layers move in lockstep: L0 H6 ↔ L2 H3 (corr 0.986), L1 H0 ↔ L2 H2 (0.985), L0 H4 ↔ L1 H0 (0.983). These are candidate information-flow paths through the network.</li>
  <li><strong>Anti-phase relationships.</strong> Layer-norm 2 and 3 are strongly anti-correlated with several attention heads (-0.94 to -0.97). When residual stream norm rises, those heads' attention focus diffuses. The framework calls this a matched-rung pair structure — two halves of one closed system.</li>
</ul>

<h2>Cross-layer information-flow circuits (top 10)</h2>
<div class="chart">
  <table>
    <tr><th class="label">source head</th><th class="label">→ target head</th><th>correlation</th></tr>
    <tr><td class="label">L0 head 6</td><td class="label">L2 head 3</td><td class="gold">+0.986</td></tr>
    <tr><td class="label">L1 head 0</td><td class="label">L2 head 2</td><td class="gold">+0.985</td></tr>
    <tr><td class="label">L0 head 4</td><td class="label">L1 head 0</td><td class="gold">+0.983</td></tr>
    <tr><td class="label">L0 head 6</td><td class="label">L1 head 0</td><td>+0.978</td></tr>
    <tr><td class="label">L0 head 2</td><td class="label">L1 head 0</td><td>+0.972</td></tr>
    <tr><td class="label">L1 head 0</td><td class="label">L2 head 5</td><td>+0.970</td></tr>
    <tr><td class="label">L0 head 3</td><td class="label">L2 head 3</td><td>+0.968</td></tr>
    <tr><td class="label">L0 head 2</td><td class="label">L3 head 7</td><td>+0.964</td></tr>
    <tr><td class="label">L0 head 4</td><td class="label">L2 head 2</td><td>+0.961</td></tr>
    <tr><td class="label">L1 head 0</td><td class="label">L2 head 3</td><td>+0.961</td></tr>
  </table>
  <div class="legend">Pairs of heads in DIFFERENT layers whose activation patterns correlate above 0.95. Candidate circuits: the framework picked these out because their activations rise and fall in sync across the entire 250-step generation, suggesting they're part of the same information-flow chain. L1 head 0 in particular acts as a hub — it correlates strongly with multiple early-layer heads upstream and multiple layer-2 heads downstream.</div>
</div>

<h2>Anti-phase pairs (matched-rung pair candidates)</h2>
<div class="chart">
  <table>
    <tr><th class="label">component A</th><th class="label">component B</th><th>correlation</th></tr>
    <tr><td class="label">layer-norm L3</td><td class="label">L2 head 5</td><td style="color:var(--red)">−0.974</td></tr>
    <tr><td class="label">layer-norm L3</td><td class="label">L3 head 7</td><td style="color:var(--red)">−0.969</td></tr>
    <tr><td class="label">layer-norm L3</td><td class="label">L0 head 2</td><td style="color:var(--red)">−0.961</td></tr>
    <tr><td class="label">layer-norm L2</td><td class="label">L2 head 2</td><td style="color:var(--red)">−0.960</td></tr>
    <tr><td class="label">layer-norm L3</td><td class="label">L1 head 0</td><td style="color:var(--red)">−0.958</td></tr>
    <tr><td class="label">layer-norm L3</td><td class="label">L2 head 2</td><td style="color:var(--red)">−0.952</td></tr>
    <tr><td class="label">layer-norm L2</td><td class="label">L2 head 5</td><td style="color:var(--red)">−0.949</td></tr>
    <tr><td class="label">layer-norm L2</td><td class="label">L1 head 0</td><td style="color:var(--red)">−0.942</td></tr>
  </table>
  <div class="legend">Pairs that move in opposite directions almost perfectly. The framework's "matched-rung anti-phase pair" structure: as one rises, the other falls, like Walker Circulation's NINO and SOI in ENSO data. These are candidate "two halves of one closed dynamical system" inside the model.</div>
</div>

<h2>Coupling-strength summary</h2>
<div class="chart">
  <table>
    <tr><th class="label">measurement</th><th>value</th></tr>
    <tr><td class="label">Within-layer mean correlation</td><td class="gold">+0.233</td></tr>
    <tr><td class="label">Across-layer mean correlation</td><td>+0.104</td></tr>
    <tr><td class="label">Strong positive pairs (corr &gt; 0.85)</td><td>127</td></tr>
    <tr><td class="label">Strong anti-phase pairs (corr &lt; −0.5)</td><td>49</td></tr>
    <tr><td class="label">Alive nodes</td><td>31 / 55</td></tr>
    <tr><td class="label">Generation steps recorded</td><td>250</td></tr>
  </table>
  <div class="legend">Within-layer correlation is roughly 2.2× across-layer correlation. Components in the same layer move together more than components in different layers — which makes architectural sense (same layer shares input and parallel attention) and is exactly what mechanistic interpretability would predict but rarely measures this way.</div>
</div>

<h2>What this means</h2>
<p>This is a mechanistic interpretability tool the framework gives essentially for free. Run any LLM, capture per-component activations during generation, compute the coupling matrix, embed it. You get:</p>
<ul>
  <li>A <strong>map of the model</strong> where components that work together cluster together.</li>
  <li>Identification of <strong>dead components</strong> (zero-variance during this run).</li>
  <li>Identification of <strong>circuits</strong> (cross-layer high-correlation paths).</li>
  <li>Identification of <strong>matched-rung pairs</strong> (anti-phase coupled components).</li>
  <li>A measurement of <strong>how localised computation is</strong> (within-layer vs across-layer correlation ratio).</li>
</ul>
<p>None of this required knowing what attention heads "are supposed to" do. The framework's own dynamical-coupling lens surfaced the structure.</p>

<div class="caveat">
  <strong>Caveats:</strong> Single generation run, single model, single seed. The "dead layers 4-6" finding might be specific to this prompt or this generation pattern; needs replication across many seeds and prompts. Some of the strong correlations might be driven by overall norm trends rather than fine-grained dynamical coupling — partial-correlation analysis (controlling for global drift) would tighten the claim. The coupling-matrix approach is well-known in network neuroscience; the contribution here is applying the framework's specific definition of coupling (correlation, anti-phase, ARA-coherence) and getting interpretable results on a real LLM. Bigger models and prompt diversity needed before claiming generality.
</div>

<p class="dim">Files: TheFormula/llm_node_map.py · llm_node_map_data.js · this page.</p>

<script>
// Inline data — embed nodes/edges/correlation matrix
const DATA_PATH = './llm_node_map_data.js';

// Layer colours
const LAYER_COLOURS = {
  0: '#58a6ff', 1: '#3fb950', 2: '#e6be8a', 3: '#bc8cff',
  4: '#ffa657', 5: '#f85149', 6: '#79c0ff'
};

window.LLM_NODE_MAP = {"model": "EleutherAI/pythia-70m-deduped", "n_steps": 250, "seed": 42, "prompt": "The framework proposes that natural oscillating systems", "n_layers": 6, "n_heads": 8, "nodes": [{"idx": 0, "kind": "layer_norm", "layer": 0, "head": null}, {"idx": 1, "kind": "layer_norm", "layer": 1, "head": null}, {"idx": 2, "kind": "layer_norm", "layer": 2, "head": null}, {"idx": 3, "kind": "layer_norm", "layer": 3, "head": null}, {"idx": 4, "kind": "layer_norm", "layer": 4, "head": null}, {"idx": 5, "kind": "layer_norm", "layer": 5, "head": null}, {"idx": 6, "kind": "layer_norm", "layer": 6, "head": null}, {"idx": 7, "kind": "head", "layer": 0, "head": 0}, {"idx": 8, "kind": "head", "layer": 0, "head": 1}, {"idx": 9, "kind": "head", "layer": 0, "head": 2}, {"idx": 10, "kind": "head", "layer": 0, "head": 3}, {"idx": 11, "kind": "head", "layer": 0, "head": 4}, {"idx": 12, "kind": "head", "layer": 0, "head": 5}, {"idx": 13, "kind": "head", "layer": 0, "head": 6}, {"idx": 14, "kind": "head", "layer": 0, "head": 7}, {"idx": 15, "kind": "head", "layer": 1, "head": 0}, {"idx": 16, "kind": "head", "layer": 1, "head": 1}, {"idx": 17, "kind": "head", "layer": 1, "head": 2}, {"idx": 18, "kind": "head", "layer": 1, "head": 3}, {"idx": 19, "kind": "head", "layer": 1, "head": 4}, {"idx": 20, "kind": "head", "layer": 1, "head": 5}, {"idx": 21, "kind": "head", "layer": 1, "head": 6}, {"idx": 22, "kind": "head", "layer": 1, "head": 7}, {"idx": 23, "kind": "head", "layer": 2, "head": 0}, {"idx": 24, "kind": "head", "layer": 2, "head": 1}, {"idx": 25, "kind": "head", "layer": 2, "head": 2}, {"idx": 26, "kind": "head", "layer": 2, "head": 3}, {"idx": 27, "kind": "head", "layer": 2, "head": 4}, {"idx": 28, "kind": "head", "layer": 2, "head": 5}, {"idx": 29, "kind": "head", "layer": 2, "head": 6}, {"idx": 30, "kind": "head", "layer": 2, "head": 7}, {"idx": 31, "kind": "head", "layer": 3, "head": 0}, {"idx": 32, "kind": "head", "layer": 3, "head": 1}, {"idx": 33, "kind": "head", "layer": 3, "head": 2}, {"idx": 34, "kind": "head", "layer": 3, "head": 3}, {"idx": 35, "kind": "head", "layer": 3, "head": 4}, {"idx": 36, "kind": "head", "layer": 3, "head": 5}, {"idx": 37, "kind": "head", "layer": 3, "head": 6}, {"idx": 38, "kind": "head", "layer": 3, "head": 7}, {"idx": 39, "kind": "head", "layer": 4, "head": 0}, {"idx": 40, "kind": "head", "layer": 4, "head": 1}, {"idx": 41, "kind": "head", "layer": 4, "head": 2}, {"idx": 42, "kind": "head", "layer": 4, "head": 3}, {"idx": 43, "kind": "head", "layer": 4, "head": 4}, {"idx": 44, "kind": "head", "layer": 4, "head": 5}, {"idx": 45, "kind": "head", "layer": 4, "head": 6}, {"idx": 46, "kind": "head", "layer": 4, "head": 7}, {"idx": 47, "kind": "head", "layer": 5, "head": 0}, {"idx": 48, "kind": "head", "layer": 5, "head": 1}, {"idx": 49, "kind": "head", "layer": 5, "head": 2}, {"idx": 50, "kind": "head", "layer": 5, "head": 3}, {"idx": 51, "kind": "head", "layer": 5, "head": 4}, {"idx": 52, "kind": "head", "layer": 5, "head": 5}, {"idx": 53, "kind": "head", "layer": 5, "head": 6}, {"idx": 54, "kind": "head", "layer": 5, "head": 7}], "embedding": [[0.5589396357536316, 0.6856780648231506], [-0.43244218826293945, 0.8051835894584656], [0.1325097531080246, 0.19940757751464844], [0.10193868726491928, 0.09152349084615707], [3.6091723157926015e-17, 7.05369747394285e-18], [-9.022931120353749e-17, 0.0], [0.0, -1.1021402303035704e-19], [0.1946871131658554, -0.22696839272975922], [-0.011351509019732475, 0.7194754481315613], [-0.26844891905784607, 0.058463532477617264], [0.11484023183584213, 0.4221959114074707], [-0.19004853069782257, 0.1846628189086914], [-0.6510103940963745, -0.6413497924804688], [-0.05855409428477287, 0.24223440885543823], [-0.5378066897392273, 0.308424711227417], [-0.12825433909893036, 0.08409756422042847], [-0.06472630798816681, -0.5250242948532104], [0.06516120582818985, -0.36572200059890747], [-0.010383660905063152, 0.3966011106967926], [0.07529474049806595, -0.33868762850761414], [0.10328174382448196, 0.03385065495967865], [0.18228338658809662, -0.15960101783275604], [-0.031631432473659515, 0.4439183473587036], [-0.1431356966495514, -0.03902927413582802], [0.16238059103488922, -0.14531971514225006], [-0.051296330988407135, -0.02763988822698593], [0.05175736919045448, 0.23655728995800018], [0.08308592438697815, -0.10688687860965729], [-0.04311520233750343, -0.054280638694763184], [0.12437736243009567, -0.028064044192433357], [0.16440294682979584, -0.6832379102706909], [0.0, 0.0], [0.0, 0.0], [-0.009223759174346924, -0.3080369830131531], [0.0, 0.0], [0.26458242535591125, -0.21982043981552124], [0.0, 0.0], [0.0, 0.0], [-0.19637621939182281, 0.008669362403452396], [0.0, 0.0], [0.0, 0.0], [0.0, 0.0], [0.0, 0.0], [0.0, 0.0], [0.0, 0.0], [0.0, 0.0], [0.0, 0.0], [0.0, 0.0], [0.0, 0.0], [0.0, 0.0], [0.0, 0.0], [0.0, 0.0], [0.0, 0.0], [0.0, 0.0], [0.0, 0.0]], "correlation_matrix": [[1.0, 0.431, -0.198, -0.304, 0.0, 0.0, 0.0, 0.361, 0.725, 0.306, 0.749, 0.448, -0.735, 0.558, -0.289, 0.423, -0.055, 0.198, 0.629, 0.133, 0.474, 0.375, 0.69, 0.322, 0.394, 0.389, 0.62, 0.357, 0.377, 0.482, -0.072, 0.0, 0.0, 0.145, 0.0, -0.156, 0.0, 0.0, 0.318, 0.0, 0.0, 0.0, 0.0, 0.0, 0.0, 0.0, 0.0, 0.0, 0.0, 0.0, 0.0, 0.0, 0.0, 0.0, 0.0], [0.431, 1.0, -0.206, -0.307, 0.0, 0.0, 0.0, 0.002, 0.794, 0.471, 0.557, 0.508, -0.265, 0.508, 0.404, 0.428, -0.153, -0.035, 0.47, -0.024, 0.311, 0.033, 0.617, 0.291, 0.123, 0.293, 0.447, 0.114, 0.275, 0.233, -0.41, 0.0, 0.0, 0.08, 0.0, -0.248, 0.0, 0.0, 0.421, 0.0, 0.0, 0.0, 0.0, 0.0, 0.0, 0.0, 0.0, 0.0, 0.0, 0.0, 0.0, 0.0, 0.0, 0.0, 0.0], [-0.198, -0.206, 1.0, 0.97, 0.0, 0.0, 0.0, -0.904, -0.452, -0.928, -0.75, -0.902, -0.311, -0.879, 0.416, -0.942, -0.859, -0.928, -0.674, -0.812, -0.851, -0.83, -0.749, -0.907, -0.918, -0.96, -0.859, -0.863, -0.949, -0.917, -0.76, 0.0, 0.0, -0.9, 0.0, 0.275, 0.0, 0.0, -0.906, 0.0, 0.0, 0.0, 0.0, 0.0, 0.0, 0.0, 0.0, 0.0, 0.0, 0.0, 0.0, 0.0, 0.0, 0.0, 0.0], [-0.304, -0.307, 0.97, 1.0, 0.0, 0.0, 0.0, -0.891, -0.492, -0.961, -0.791, -0.913, -0.174, -0.896, 0.398, -0.958, -0.792, -0.923, -0.665, -0.793, -0.896, -0.786, -0.804, -0.94, -0.909, -0.952, -0.885, -0.8, -0.974, -0.939, -0.691, 0.0, 0.0, -0.881, 0.0, 0.268, 0.0, 0.0, -0.969, 0.0, 0.0, 0.0, 0.0, 0.0, 0.0, 0.0, 0.0, 0.0, 0.0, 0.0, 0.0, 0.0, 0.0, 0.0, 0.0], [0.0, 0.0, 0.0, 0.0, 1.0, 0.0, 0.0, 0.0, 0.0, 0.0, 0.0, 0.0, 0.0, 0.0, 0.0, 0.0, 0.0, 0.0, 0.0, 0.0, 0.0, 0.0, 0.0, 0.0, 0.0, 0.0, 0.0, 0.0, 0.0, 0.0, 0.0, 0.0, 0.0, 0.0, 0.0, 0.0, 0.0, 0.0, 0.0, 0.0, 0.0, 0.0, 0.0, 0.0, 0.0, 0.0, 0.0, 0.0, 0.0, 0.0, 0.0, 0.0, 0.0, 0.0, 0.0], [0.0, 0.0, 0.0, 0.0, 0.0, 1.0, 0.0, 0.0, 0.0, 0.0, 0.0, 0.0, 0.0, 0.0, 0.0, 0.0, 0.0, 0.0, 0.0, 0.0, 0.0, 0.0, 0.0, 0.0, 0.0, 0.0, 0.0, 0.0, 0.0, 0.0, 0.0, 0.0, 0.0, 0.0, 0.0, 0.0, 0.0, 0.0, 0.0, 0.0, 0.0, 0.0, 0.0, 0.0, 0.0, 0.0, 0.0, 0.0, 0.0, 0.0, 0.0, 0.0, 0.0, 0.0, 0.0], [0.0, 0.0, 0.0, 0.0, 0.0, 0.0, 1.0, 0.0, 0.0, 0.0, 0.0, 0.0, 0.0, 0.0, 0.0, 0.0, 0.0, 0.0, 0.0, 0.0, 0.0, 0.0, 0.0, 0.0, 0.0, 0.0, 0.0, 0.0, 0.0, 0.0, 0.0, 0.0, 0.0, 0.0, 0.0, 0.0, 0.0, 0.0, 0.0, 0.0, 0.0, 0.0, 0.0, 0.0, 0.0, 0.0, 0.0, 0.0, 0.0, 0.0, 0.0, 0.0, 0.0, 0.0, 0.0], [0.361, 0.002, -0.904, -0.891, 0.0, 0.0, 0.0, 1.0, 0.399, 0.813, 0.756, 0.822, 0.091, 0.83, -0.518, 0.874, 0.863, 0.945, 0.651, 0.811, 0.836, 0.922, 0.711, 0.864, 0.954, 0.931, 0.852, 0.876, 0.934, 0.94, 0.822, 0.0, 0.0, 0.869, 0.0, -0.212, 0.0, 0.0, 0.827, 0.0, 0.0, 0.0, 0.0, 0.0, 0.0, 0.0, 0.0, 0.0, 0.0, 0.0, 0.0, 0.0, 0.0, 0.0, 0.0], [0.725, 0.794, -0.452, -0.492, 0.0, 0.0, 0.0, 0.399, 1.0, 0.584, 0.868, 0.716, -0.399, 0.779, 0.13, 0.658, 0.145, 0.271, 0.728, 0.284, 0.583, 0.482, 0.817, 0.434, 0.52, 0.598, 0.756, 0.549, 0.515, 0.574, -0.065, 0.0, 0.0, 0.374, 0.0, -0.215, 0.0, 0.0, 0.525, 0.0, 0.0, 0.0, 0.0, 0.0, 0.0, 0.0, 0.0, 0.0, 0.0, 0.0, 0.0, 0.0, 0.0, 0.0, 0.0], [0.306, 0.471, -0.928, -0.961, 0.0, 0.0, 0.0, 0.813, 0.584, 1.0, 0.816, 0.953, 0.199, 0.925, -0.239, 0.972, 0.702, 0.838, 0.748, 0.708, 0.862, 0.73, 0.862, 0.944, 0.837, 0.939, 0.89, 0.761, 0.961, 0.889, 0.535, 0.0, 0.0, 0.824, 0.0, -0.332, 0.0, 0.0, 0.964, 0.0, 0.0, 0.0, 0.0, 0.0, 0.0, 0.0, 0.0, 0.0, 0.0, 0.0, 0.0, 0.0, 0.0, 0.0, 0.0], [0.749, 0.557, -0.75, -0.791, 0.0, 0.0, 0.0, 0.756, 0.868, 0.816, 1.0, 0.912, -0.236, 0.963, -0.249, 0.897, 0.484, 0.663, 0.873, 0.574, 0.83, 0.758, 0.959, 0.764, 0.812, 0.874, 0.968, 0.801, 0.831, 0.871, 0.341, 0.0, 0.0, 0.653, 0.0, -0.307, 0.0, 0.0, 0.786, 0.0, 0.0, 0.0, 0.0, 0.0, 0.0, 0.0, 0.0, 0.0, 0.0, 0.0, 0.0, 0.0, 0.0, 0.0, 0.0], [0.448, 0.508, -0.902, -0.913, 0.0, 0.0, 0.0, 0.822, 0.716, 0.953, 0.912, 1.0, 0.125, 0.981, -0.227, 0.983, 0.677, 0.786, 0.858, 0.652, 0.827, 0.8, 0.937, 0.909, 0.846, 0.961, 0.958, 0.835, 0.934, 0.903, 0.493, 0.0, 0.0, 0.765, 0.0, -0.373, 0.0, 0.0, 0.922, 0.0, 0.0, 0.0, 0.0, 0.0, 0.0, 0.0, 0.0, 0.0, 0.0, 0.0, 0.0, 0.0, 0.0, 0.0, 0.0], [-0.735, -0.265, -0.311, -0.174, 0.0, 0.0, 0.0, 0.091, -0.399, 0.199, -0.236, 0.125, 1.0, 0.004, 0.019, 0.134, 0.423, 0.263, -0.02, 0.209, -0.03, 0.092, -0.131, 0.206, 0.056, 0.163, -0.061, 0.173, 0.135, 0.024, 0.397, 0.0, 0.0, 0.246, 0.0, -0.082, 0.0, 0.0, 0.148, 0.0, 0.0, 0.0, 0.0, 0.0, 0.0, 0.0, 0.0, 0.0, 0.0, 0.0, 0.0, 0.0, 0.0, 0.0, 0.0], [0.558, 0.508, -0.879, -0.896, 0.0, 0.0, 0.0, 0.83, 0.779, 0.925, 0.963, 0.981, 0.004, 1.0, -0.245, 0.978, 0.633, 0.785, 0.875, 0.691, 0.884, 0.815, 0.952, 0.869, 0.88, 0.96, 0.986, 0.87, 0.923, 0.927, 0.475, 0.0, 0.0, 0.777, 0.0, -0.322, 0.0, 0.0, 0.885, 0.0, 0.0, 0.0, 0.0, 0.0, 0.0, 0.0, 0.0, 0.0, 0.0, 0.0, 0.0, 0.0, 0.0, 0.0, 0.0], [-0.289, 0.404, 0.416, 0.398, 0.0, 0.0, 0.0, -0.518, 0.13, -0.239, -0.249, -0.227, 0.019, -0.245, 1.0, -0.279, -0.379, -0.484, -0.326, -0.286, -0.315, -0.351, -0.253, -0.459, -0.389, -0.344, -0.32, -0.303, -0.415, -0.4, -0.57, 0.0, 0.0, -0.253, 0.0, 0.235, 0.0, 0.0, -0.262, 0.0, 0.0, 0.0, 0.0, 0.0, 0.0, 0.0, 0.0, 0.0, 0.0, 0.0, 0.0, 0.0, 0.0, 0.0, 0.0], [0.423, 0.428, -0.942, -0.958, 0.0, 0.0, 0.0, 0.874, 0.658, 0.972, 0.897, 0.983, 0.134, 0.978, -0.279, 1.0, 0.723, 0.867, 0.812, 0.755, 0.904, 0.832, 0.909, 0.926, 0.909, 0.985, 0.961, 0.866, 0.97, 0.952, 0.578, 0.0, 0.0, 0.852, 0.0, -0.296, 0.0, 0.0, 0.947, 0.0, 0.0, 0.0, 0.0, 0.0, 0.0, 0.0, 0.0, 0.0, 0.0, 0.0, 0.0, 0.0, 0.0, 0.0, 0.0], [-0.055, -0.153, -0.859, -0.792, 0.0, 0.0, 0.0, 0.863, 0.145, 0.702, 0.484, 0.677, 0.423, 0.633, -0.379, 0.723, 1.0, 0.882, 0.383, 0.717, 0.609, 0.813, 0.438, 0.722, 0.815, 0.8, 0.617, 0.762, 0.787, 0.754, 0.924, 0.0, 0.0, 0.831, 0.0, -0.143, 0.0, 0.0, 0.731, 0.0, 0.0, 0.0, 0.0, 0.0, 0.0, 0.0, 0.0, 0.0, 0.0, 0.0, 0.0, 0.0, 0.0, 0.0, 0.0], [0.198, -0.035, -0.928, -0.923, 0.0, 0.0, 0.0, 0.945, 0.271, 0.838, 0.663, 0.786, 0.263, 0.785, -0.484, 0.867, 0.882, 1.0, 0.545, 0.891, 0.87, 0.857, 0.635, 0.866, 0.941, 0.914, 0.796, 0.851, 0.927, 0.925, 0.868, 0.0, 0.0, 0.925, 0.0, -0.162, 0.0, 0.0, 0.857, 0.0, 0.0, 0.0, 0.0, 0.0, 0.0, 0.0, 0.0, 0.0, 0.0, 0.0, 0.0, 0.0, 0.0, 0.0, 0.0], [0.629, 0.47, -0.674, -0.665, 0.0, 0.0, 0.0, 0.651, 0.728, 0.748, 0.873, 0.858, -0.02, 0.875, -0.326, 0.812, 0.383, 0.545, 1.0, 0.418, 0.662, 0.639, 0.916, 0.754, 0.65, 0.788, 0.869, 0.722, 0.751, 0.729, 0.242, 0.0, 0.0, 0.492, 0.0, -0.424, 0.0, 0.0, 0.652, 0.0, 0.0, 0.0, 0.0, 0.0, 0.0, 0.0, 0.0, 0.0, 0.0, 0.0, 0.0, 0.0, 0.0, 0.0, 0.0], [0.133, -0.024, -0.812, -0.793, 0.0, 0.0, 0.0, 0.811, 0.284, 0.708, 0.574, 0.652, 0.209, 0.691, -0.286, 0.755, 0.717, 0.891, 0.418, 1.0, 0.889, 0.76, 0.497, 0.675, 0.894, 0.807, 0.704, 0.851, 0.781, 0.835, 0.721, 0.0, 0.0, 0.904, 0.0, -0.045, 0.0, 0.0, 0.695, 0.0, 0.0, 0.0, 0.0, 0.0, 0.0, 0.0, 0.0, 0.0, 0.0, 0.0, 0.0, 0.0, 0.0, 0.0, 0.0], [0.474, 0.311, -0.851, -0.896, 0.0, 0.0, 0.0, 0.836, 0.583, 0.862, 0.83, 0.827, -0.03, 0.884, -0.315, 0.904, 0.609, 0.87, 0.662, 0.889, 1.0, 0.776, 0.792, 0.81, 0.922, 0.899, 0.894, 0.836, 0.894, 0.939, 0.567, 0.0, 0.0, 0.873, 0.0, -0.129, 0.0, 0.0, 0.844, 0.0, 0.0, 0.0, 0.0, 0.0, 0.0, 0.0, 0.0, 0.0, 0.0, 0.0, 0.0, 0.0, 0.0, 0.0, 0.0], [0.375, 0.033, -0.83, -0.786, 0.0, 0.0, 0.0, 0.922, 0.482, 0.73, 0.758, 0.8, 0.092, 0.815, -0.351, 0.832, 0.813, 0.857, 0.639, 0.76, 0.776, 1.0, 0.692, 0.735, 0.918, 0.893, 0.83, 0.9, 0.839, 0.892, 0.744, 0.0, 0.0, 0.833, 0.0, -0.148, 0.0, 0.0, 0.737, 0.0, 0.0, 0.0, 0.0, 0.0, 0.0, 0.0, 0.0, 0.0, 0.0, 0.0, 0.0, 0.0, 0.0, 0.0, 0.0], [0.69, 0.617, -0.749, -0.804, 0.0, 0.0, 0.0, 0.711, 0.817, 0.862, 0.959, 0.937, -0.131, 0.952, -0.253, 0.909, 0.438, 0.635, 0.916, 0.497, 0.792, 0.692, 1.0, 0.83, 0.738, 0.859, 0.948, 0.717, 0.844, 0.838, 0.281, 0.0, 0.0, 0.599, 0.0, -0.37, 0.0, 0.0, 0.83, 0.0, 0.0, 0.0, 0.0, 0.0, 0.0, 0.0, 0.0, 0.0, 0.0, 0.0, 0.0, 0.0, 0.0, 0.0, 0.0], [0.322, 0.291, -0.907, -0.94, 0.0, 0.0, 0.0, 0.864, 0.434, 0.944, 0.764, 0.909, 0.206, 0.869, -0.459, 0.926, 0.722, 0.866, 0.754, 0.675, 0.81, 0.735, 0.83, 1.0, 0.811, 0.918, 0.864, 0.728, 0.967, 0.872, 0.62, 0.0, 0.0, 0.743, 0.0, -0.448, 0.0, 0.0, 0.93, 0.0, 0.0, 0.0, 0.0, 0.0, 0.0, 0.0, 0.0, 0.0, 0.0, 0.0, 0.0, 0.0, 0.0, 0.0, 0.0], [0.394, 0.123, -0.918, -0.909, 0.0, 0.0, 0.0, 0.954, 0.52, 0.837, 0.812, 0.846, 0.056, 0.88, -0.389, 0.909, 0.815, 0.941, 0.65, 0.894, 0.922, 0.918, 0.738, 0.811, 1.0, 0.952, 0.893, 0.934, 0.921, 0.972, 0.754, 0.0, 0.0, 0.934, 0.0, -0.121, 0.0, 0.0, 0.84, 0.0, 0.0, 0.0, 0.0, 0.0, 0.0, 0.0, 0.0, 0.0, 0.0, 0.0, 0.0, 0.0, 0.0, 0.0, 0.0], [0.389, 0.293, -0.96, -0.952, 0.0, 0.0, 0.0, 0.931, 0.598, 0.939, 0.874, 0.961, 0.163, 0.96, -0.344, 0.985, 0.8, 0.914, 0.788, 0.807, 0.899, 0.893, 0.859, 0.918, 0.952, 1.0, 0.952, 0.921, 0.974, 0.967, 0.678, 0.0, 0.0, 0.882, 0.0, -0.293, 0.0, 0.0, 0.916, 0.0, 0.0, 0.0, 0.0, 0.0, 0.0, 0.0, 0.0, 0.0, 0.0, 0.0, 0.0, 0.0, 0.0, 0.0, 0.0], [0.62, 0.447, -0.859, -0.885, 0.0, 0.0, 0.0, 0.852, 0.756, 0.89, 0.968, 0.958, -0.061, 0.986, -0.32, 0.961, 0.617, 0.796, 0.869, 0.704, 0.894, 0.83, 0.948, 0.864, 0.893, 0.952, 1.0, 0.876, 0.918, 0.941, 0.493, 0.0, 0.0, 0.758, 0.0, -0.334, 0.0, 0.0, 0.865, 0.0, 0.0, 0.0, 0.0, 0.0, 0.0, 0.0, 0.0, 0.0, 0.0, 0.0, 0.0, 0.0, 0.0, 0.0, 0.0], [0.357, 0.114, -0.863, -0.8, 0.0, 0.0, 0.0, 0.876, 0.549, 0.761, 0.801, 0.835, 0.173, 0.87, -0.303, 0.866, 0.762, 0.851, 0.722, 0.851, 0.836, 0.9, 0.717, 0.728, 0.934, 0.921, 0.876, 1.0, 0.835, 0.901, 0.676, 0.0, 0.0, 0.854, 0.0, -0.199, 0.0, 0.0, 0.719, 0.0, 0.0, 0.0, 0.0, 0.0, 0.0, 0.0, 0.0, 0.0, 0.0, 0.0, 0.0, 0.0, 0.0, 0.0, 0.0], [0.377, 0.275, -0.949, -0.974, 0.0, 0.0, 0.0, 0.934, 0.515, 0.961, 0.831, 0.934, 0.135, 0.923, -0.415, 0.97, 0.787, 0.927, 0.751, 0.781, 0.894, 0.839, 0.844, 0.967, 0.921, 0.974, 0.918, 0.835, 1.0, 0.953, 0.679, 0.0, 0.0, 0.866, 0.0, -0.311, 0.0, 0.0, 0.948, 0.0, 0.0, 0.0, 0.0, 0.0, 0.0, 0.0, 0.0, 0.0, 0.0, 0.0, 0.0, 0.0, 0.0, 0.0, 0.0], [0.482, 0.233, -0.917, -0.939, 0.0, 0.0, 0.0, 0.94, 0.574, 0.889, 0.871, 0.903, 0.024, 0.927, -0.4, 0.952, 0.754, 0.925, 0.729, 0.835, 0.939, 0.892, 0.838, 0.872, 0.972, 0.967, 0.941, 0.901, 0.953, 1.0, 0.683, 0.0, 0.0, 0.896, 0.0, -0.183, 0.0, 0.0, 0.9, 0.0, 0.0, 0.0, 0.0, 0.0, 0.0, 0.0, 0.0, 0.0, 0.0, 0.0, 0.0, 0.0, 0.0, 0.0, 0.0], [-0.072, -0.41, -0.76, -0.691, 0.0, 0.0, 0.0, 0.822, -0.065, 0.535, 0.341, 0.493, 0.397, 0.475, -0.57, 0.578, 0.924, 0.868, 0.242, 0.721, 0.567, 0.744, 0.281, 0.62, 0.754, 0.678, 0.493, 0.676, 0.679, 0.683, 1.0, 0.0, 0.0, 0.764, 0.0, -0.035, 0.0, 0.0, 0.586, 0.0, 0.0, 0.0, 0.0, 0.0, 0.0, 0.0, 0.0, 0.0, 0.0, 0.0, 0.0, 0.0, 0.0, 0.0, 0.0], [0.0, 0.0, 0.0, 0.0, 0.0, 0.0, 0.0, 0.0, 0.0, 0.0, 0.0, 0.0, 0.0, 0.0, 0.0, 0.0, 0.0, 0.0, 0.0, 0.0, 0.0, 0.0, 0.0, 0.0, 0.0, 0.0, 0.0, 0.0, 0.0, 0.0, 0.0, 1.0, 0.0, 0.0, 0.0, 0.0, 0.0, 0.0, 0.0, 0.0, 0.0, 0.0, 0.0, 0.0, 0.0, 0.0, 0.0, 0.0, 0.0, 0.0, 0.0, 0.0, 0.0, 0.0, 0.0], [0.0, 0.0, 0.0, 0.0, 0.0, 0.0, 0.0, 0.0, 0.0, 0.0, 0.0, 0.0, 0.0, 0.0, 0.0, 0.0, 0.0, 0.0, 0.0, 0.0, 0.0, 0.0, 0.0, 0.0, 0.0, 0.0, 0.0, 0.0, 0.0, 0.0, 0.0, 0.0, 1.0, 0.0, 0.0, 0.0, 0.0, 0.0, 0.0, 0.0, 0.0, 0.0, 0.0, 0.0, 0.0, 0.0, 0.0, 0.0, 0.0, 0.0, 0.0, 0.0, 0.0, 0.0, 0.0], [0.145, 0.08, -0.9, -0.881, 0.0, 0.0, 0.0, 0.869, 0.374, 0.824, 0.653, 0.765, 0.246, 0.777, -0.253, 0.852, 0.831, 0.925, 0.492, 0.904, 0.873, 0.833, 0.599, 0.743, 0.934, 0.882, 0.758, 0.854, 0.866, 0.896, 0.764, 0.0, 0.0, 1.0, 0.0, 0.079, 0.0, 0.0, 0.822, 0.0, 0.0, 0.0, 0.0, 0.0, 0.0, 0.0, 0.0, 0.0, 0.0, 0.0, 0.0, 0.0, 0.0, 0.0, 0.0], [0.0, 0.0, 0.0, 0.0, 0.0, 0.0, 0.0, 0.0, 0.0, 0.0, 0.0, 0.0, 0.0, 0.0, 0.0, 0.0, 0.0, 0.0, 0.0, 0.0, 0.0, 0.0, 0.0, 0.0, 0.0, 0.0, 0.0, 0.0, 0.0, 0.0, 0.0, 0.0, 0.0, 0.0, 1.0, 0.0, 0.0, 0.0, 0.0, 0.0, 0.0, 0.0, 0.0, 0.0, 0.0, 0.0, 0.0, 0.0, 0.0, 0.0, 0.0, 0.0, 0.0, 0.0, 0.0], [-0.156, -0.248, 0.275, 0.268, 0.0, 0.0, 0.0, -0.212, -0.215, -0.332, -0.307, -0.373, -0.082, -0.322, 0.235, -0.296, -0.143, -0.162, -0.424, -0.045, -0.129, -0.148, -0.37, -0.448, -0.121, -0.293, -0.334, -0.199, -0.311, -0.183, -0.035, 0.0, 0.0, 0.079, 0.0, 1.0, 0.0, 0.0, -0.246, 0.0, 0.0, 0.0, 0.0, 0.0, 0.0, 0.0, 0.0, 0.0, 0.0, 0.0, 0.0, 0.0, 0.0, 0.0, 0.0], [0.0, 0.0, 0.0, 0.0, 0.0, 0.0, 0.0, 0.0, 0.0, 0.0, 0.0, 0.0, 0.0, 0.0, 0.0, 0.0, 0.0, 0.0, 0.0, 0.0, 0.0, 0.0, 0.0, 0.0, 0.0, 0.0, 0.0, 0.0, 0.0, 0.0, 0.0, 0.0, 0.0, 0.0, 0.0, 0.0, 1.0, 0.0, 0.0, 0.0, 0.0, 0.0, 0.0, 0.0, 0.0, 0.0, 0.0, 0.0, 0.0, 0.0, 0.0, 0.0, 0.0, 0.0, 0.0], [0.0, 0.0, 0.0, 0.0, 0.0, 0.0, 0.0, 0.0, 0.0, 0.0, 0.0, 0.0, 0.0, 0.0, 0.0, 0.0, 0.0, 0.0, 0.0, 0.0, 0.0, 0.0, 0.0, 0.0, 0.0, 0.0, 0.0, 0.0, 0.0, 0.0, 0.0, 0.0, 0.0, 0.0, 0.0, 0.0, 0.0, 1.0, 0.0, 0.0, 0.0, 0.0, 0.0, 0.0, 0.0, 0.0, 0.0, 0.0, 0.0, 0.0, 0.0, 0.0, 0.0, 0.0, 0.0], [0.318, 0.421, -0.906, -0.969, 0.0, 0.0, 0.0, 0.827, 0.525, 0.964, 0.786, 0.922, 0.148, 0.885, -0.262, 0.947, 0.731, 0.857, 0.652, 0.695, 0.844, 0.737, 0.83, 0.93, 0.84, 0.916, 0.865, 0.719, 0.948, 0.9, 0.586, 0.0, 0.0, 0.822, 0.0, -0.246, 0.0, 0.0, 1.0, 0.0, 0.0, 0.0, 0.0, 0.0, 0.0, 0.0, 0.0, 0.0, 0.0, 0.0, 0.0, 0.0, 0.0, 0.0, 0.0], [0.0, 0.0, 0.0, 0.0, 0.0, 0.0, 0.0, 0.0, 0.0, 0.0, 0.0, 0.0, 0.0, 0.0, 0.0, 0.0, 0.0, 0.0, 0.0, 0.0, 0.0, 0.0, 0.0, 0.0, 0.0, 0.0, 0.0, 0.0, 0.0, 0.0, 0.0, 0.0, 0.0, 0.0, 0.0, 0.0, 0.0, 0.0, 0.0, 1.0, 0.0, 0.0, 0.0, 0.0, 0.0, 0.0, 0.0, 0.0, 0.0, 0.0, 0.0, 0.0, 0.0, 0.0, 0.0], [0.0, 0.0, 0.0, 0.0, 0.0, 0.0, 0.0, 0.0, 0.0, 0.0, 0.0, 0.0, 0.0, 0.0, 0.0, 0.0, 0.0, 0.0, 0.0, 0.0, 0.0, 0.0, 0.0, 0.0, 0.0, 0.0, 0.0, 0.0, 0.0, 0.0, 0.0, 0.0, 0.0, 0.0, 0.0, 0.0, 0.0, 0.0, 0.0, 0.0, 1.0, 0.0, 0.0, 0.0, 0.0, 0.0, 0.0, 0.0, 0.0, 0.0, 0.0, 0.0, 0.0, 0.0, 0.0], [0.0, 0.0, 0.0, 0.0, 0.0, 0.0, 0.0, 0.0, 0.0, 0.0, 0.0, 0.0, 0.0, 0.0, 0.0, 0.0, 0.0, 0.0, 0.0, 0.0, 0.0, 0.0, 0.0, 0.0, 0.0, 0.0, 0.0, 0.0, 0.0, 0.0, 0.0, 0.0, 0.0, 0.0, 0.0, 0.0, 0.0, 0.0, 0.0, 0.0, 0.0, 1.0, 0.0, 0.0, 0.0, 0.0, 0.0, 0.0, 0.0, 0.0, 0.0, 0.0, 0.0, 0.0, 0.0], [0.0, 0.0, 0.0, 0.0, 0.0, 0.0, 0.0, 0.0, 0.0, 0.0, 0.0, 0.0, 0.0, 0.0, 0.0, 0.0, 0.0, 0.0, 0.0, 0.0, 0.0, 0.0, 0.0, 0.0, 0.0, 0.0, 0.0, 0.0, 0.0, 0.0, 0.0, 0.0, 0.0, 0.0, 0.0, 0.0, 0.0, 0.0, 0.0, 0.0, 0.0, 0.0, 1.0, 0.0, 0.0, 0.0, 0.0, 0.0, 0.0, 0.0, 0.0, 0.0, 0.0, 0.0, 0.0], [0.0, 0.0, 0.0, 0.0, 0.0, 0.0, 0.0, 0.0, 0.0, 0.0, 0.0, 0.0, 0.0, 0.0, 0.0, 0.0, 0.0, 0.0, 0.0, 0.0, 0.0, 0.0, 0.0, 0.0, 0.0, 0.0, 0.0, 0.0, 0.0, 0.0, 0.0, 0.0, 0.0, 0.0, 0.0, 0.0, 0.0, 0.0, 0.0, 0.0, 0.0, 0.0, 0.0, 1.0, 0.0, 0.0, 0.0, 0.0, 0.0, 0.0, 0.0, 0.0, 0.0, 0.0, 0.0], [0.0, 0.0, 0.0, 0.0, 0.0, 0.0, 0.0, 0.0, 0.0, 0.0, 0.0, 0.0, 0.0, 0.0, 0.0, 0.0, 0.0, 0.0, 0.0, 0.0, 0.0, 0.0, 0.0, 0.0, 0.0, 0.0, 0.0, 0.0, 0.0, 0.0, 0.0, 0.0, 0.0, 0.0, 0.0, 0.0, 0.0, 0.0, 0.0, 0.0, 0.0, 0.0, 0.0, 0.0, 1.0, 0.0, 0.0, 0.0, 0.0, 0.0, 0.0, 0.0, 0.0, 0.0, 0.0], [0.0, 0.0, 0.0, 0.0, 0.0, 0.0, 0.0, 0.0, 0.0, 0.0, 0.0, 0.0, 0.0, 0.0, 0.0, 0.0, 0.0, 0.0, 0.0, 0.0, 0.0, 0.0, 0.0, 0.0, 0.0, 0.0, 0.0, 0.0, 0.0, 0.0, 0.0, 0.0, 0.0, 0.0, 0.0, 0.0, 0.0, 0.0, 0.0, 0.0, 0.0, 0.0, 0.0, 0.0, 0.0, 1.0, 0.0, 0.0, 0.0, 0.0, 0.0, 0.0, 0.0, 0.0, 0.0], [0.0, 0.0, 0.0, 0.0, 0.0, 0.0, 0.0, 0.0, 0.0, 0.0, 0.0, 0.0, 0.0, 0.0, 0.0, 0.0, 0.0, 0.0, 0.0, 0.0, 0.0, 0.0, 0.0, 0.0, 0.0, 0.0, 0.0, 0.0, 0.0, 0.0, 0.0, 0.0, 0.0, 0.0, 0.0, 0.0, 0.0, 0.0, 0.0, 0.0, 0.0, 0.0, 0.0, 0.0, 0.0, 0.0, 1.0, 0.0, 0.0, 0.0, 0.0, 0.0, 0.0, 0.0, 0.0], [0.0, 0.0, 0.0, 0.0, 0.0, 0.0, 0.0, 0.0, 0.0, 0.0, 0.0, 0.0, 0.0, 0.0, 0.0, 0.0, 0.0, 0.0, 0.0, 0.0, 0.0, 0.0, 0.0, 0.0, 0.0, 0.0, 0.0, 0.0, 0.0, 0.0, 0.0, 0.0, 0.0, 0.0, 0.0, 0.0, 0.0, 0.0, 0.0, 0.0, 0.0, 0.0, 0.0, 0.0, 0.0, 0.0, 0.0, 1.0, 0.0, 0.0, 0.0, 0.0, 0.0, 0.0, 0.0], [0.0, 0.0, 0.0, 0.0, 0.0, 0.0, 0.0, 0.0, 0.0, 0.0, 0.0, 0.0, 0.0, 0.0, 0.0, 0.0, 0.0, 0.0, 0.0, 0.0, 0.0, 0.0, 0.0, 0.0, 0.0, 0.0, 0.0, 0.0, 0.0, 0.0, 0.0, 0.0, 0.0, 0.0, 0.0, 0.0, 0.0, 0.0, 0.0, 0.0, 0.0, 0.0, 0.0, 0.0, 0.0, 0.0, 0.0, 0.0, 1.0, 0.0, 0.0, 0.0, 0.0, 0.0, 0.0], [0.0, 0.0, 0.0, 0.0, 0.0, 0.0, 0.0, 0.0, 0.0, 0.0, 0.0, 0.0, 0.0, 0.0, 0.0, 0.0, 0.0, 0.0, 0.0, 0.0, 0.0, 0.0, 0.0, 0.0, 0.0, 0.0, 0.0, 0.0, 0.0, 0.0, 0.0, 0.0, 0.0, 0.0, 0.0, 0.0, 0.0, 0.0, 0.0, 0.0, 0.0, 0.0, 0.0, 0.0, 0.0, 0.0, 0.0, 0.0, 0.0, 1.0, 0.0, 0.0, 0.0, 0.0, 0.0], [0.0, 0.0, 0.0, 0.0, 0.0, 0.0, 0.0, 0.0, 0.0, 0.0, 0.0, 0.0, 0.0, 0.0, 0.0, 0.0, 0.0, 0.0, 0.0, 0.0, 0.0, 0.0, 0.0, 0.0, 0.0, 0.0, 0.0, 0.0, 0.0, 0.0, 0.0, 0.0, 0.0, 0.0, 0.0, 0.0, 0.0, 0.0, 0.0, 0.0, 0.0, 0.0, 0.0, 0.0, 0.0, 0.0, 0.0, 0.0, 0.0, 0.0, 1.0, 0.0, 0.0, 0.0, 0.0], [0.0, 0.0, 0.0, 0.0, 0.0, 0.0, 0.0, 0.0, 0.0, 0.0, 0.0, 0.0, 0.0, 0.0, 0.0, 0.0, 0.0, 0.0, 0.0, 0.0, 0.0, 0.0, 0.0, 0.0, 0.0, 0.0, 0.0, 0.0, 0.0, 0.0, 0.0, 0.0, 0.0, 0.0, 0.0, 0.0, 0.0, 0.0, 0.0, 0.0, 0.0, 0.0, 0.0, 0.0, 0.0, 0.0, 0.0, 0.0, 0.0, 0.0, 0.0, 1.0, 0.0, 0.0, 0.0], [0.0, 0.0, 0.0, 0.0, 0.0, 0.0, 0.0, 0.0, 0.0, 0.0, 0.0, 0.0, 0.0, 0.0, 0.0, 0.0, 0.0, 0.0, 0.0, 0.0, 0.0, 0.0, 0.0, 0.0, 0.0, 0.0, 0.0, 0.0, 0.0, 0.0, 0.0, 0.0, 0.0, 0.0, 0.0, 0.0, 0.0, 0.0, 0.0, 0.0, 0.0, 0.0, 0.0, 0.0, 0.0, 0.0, 0.0, 0.0, 0.0, 0.0, 0.0, 0.0, 1.0, 0.0, 0.0], [0.0, 0.0, 0.0, 0.0, 0.0, 0.0, 0.0, 0.0, 0.0, 0.0, 0.0, 0.0, 0.0, 0.0, 0.0, 0.0, 0.0, 0.0, 0.0, 0.0, 0.0, 0.0, 0.0, 0.0, 0.0, 0.0, 0.0, 0.0, 0.0, 0.0, 0.0, 0.0, 0.0, 0.0, 0.0, 0.0, 0.0, 0.0, 0.0, 0.0, 0.0, 0.0, 0.0, 0.0, 0.0, 0.0, 0.0, 0.0, 0.0, 0.0, 0.0, 0.0, 0.0, 1.0, 0.0], [0.0, 0.0, 0.0, 0.0, 0.0, 0.0, 0.0, 0.0, 0.0, 0.0, 0.0, 0.0, 0.0, 0.0, 0.0, 0.0, 0.0, 0.0, 0.0, 0.0, 0.0, 0.0, 0.0, 0.0, 0.0, 0.0, 0.0, 0.0, 0.0, 0.0, 0.0, 0.0, 0.0, 0.0, 0.0, 0.0, 0.0, 0.0, 0.0, 0.0, 0.0, 0.0, 0.0, 0.0, 0.0, 0.0, 0.0, 0.0, 0.0, 0.0, 0.0, 0.0, 0.0, 0.0, 1.0]], "anti_pairs": [{"i": 3, "j": 28, "corr": -0.974, "a": {"kind": "layer_norm", "layer": 3, "head": null}, "b": {"kind": "head", "layer": 2, "head": 5}}, {"i": 3, "j": 38, "corr": -0.969, "a": {"kind": "layer_norm", "layer": 3, "head": null}, "b": {"kind": "head", "layer": 3, "head": 7}}, {"i": 3, "j": 9, "corr": -0.961, "a": {"kind": "layer_norm", "layer": 3, "head": null}, "b": {"kind": "head", "layer": 0, "head": 2}}, {"i": 2, "j": 25, "corr": -0.96, "a": {"kind": "layer_norm", "layer": 2, "head": null}, "b": {"kind": "head", "layer": 2, "head": 2}}, {"i": 3, "j": 15, "corr": -0.958, "a": {"kind": "layer_norm", "layer": 3, "head": null}, "b": {"kind": "head", "layer": 1, "head": 0}}, {"i": 3, "j": 25, "corr": -0.952, "a": {"kind": "layer_norm", "layer": 3, "head": null}, "b": {"kind": "head", "layer": 2, "head": 2}}, {"i": 2, "j": 28, "corr": -0.949, "a": {"kind": "layer_norm", "layer": 2, "head": null}, "b": {"kind": "head", "layer": 2, "head": 5}}, {"i": 2, "j": 15, "corr": -0.942, "a": {"kind": "layer_norm", "layer": 2, "head": null}, "b": {"kind": "head", "layer": 1, "head": 0}}, {"i": 3, "j": 23, "corr": -0.94, "a": {"kind": "layer_norm", "layer": 3, "head": null}, "b": {"kind": "head", "layer": 2, "head": 0}}, {"i": 3, "j": 29, "corr": -0.939, "a": {"kind": "layer_norm", "layer": 3, "head": null}, "b": {"kind": "head", "layer": 2, "head": 6}}, {"i": 2, "j": 17, "corr": -0.928, "a": {"kind": "layer_norm", "layer": 2, "head": null}, "b": {"kind": "head", "layer": 1, "head": 2}}, {"i": 2, "j": 9, "corr": -0.928, "a": {"kind": "layer_norm", "layer": 2, "head": null}, "b": {"kind": "head", "layer": 0, "head": 2}}, {"i": 3, "j": 17, "corr": -0.923, "a": {"kind": "layer_norm", "layer": 3, "head": null}, "b": {"kind": "head", "layer": 1, "head": 2}}, {"i": 2, "j": 24, "corr": -0.918, "a": {"kind": "layer_norm", "layer": 2, "head": null}, "b": {"kind": "head", "layer": 2, "head": 1}}, {"i": 2, "j": 29, "corr": -0.917, "a": {"kind": "layer_norm", "layer": 2, "head": null}, "b": {"kind": "head", "layer": 2, "head": 6}}, {"i": 3, "j": 11, "corr": -0.913, "a": {"kind": "layer_norm", "layer": 3, "head": null}, "b": {"kind": "head", "layer": 0, "head": 4}}, {"i": 3, "j": 24, "corr": -0.909, "a": {"kind": "layer_norm", "layer": 3, "head": null}, "b": {"kind": "head", "layer": 2, "head": 1}}, {"i": 2, "j": 23, "corr": -0.907, "a": {"kind": "layer_norm", "layer": 2, "head": null}, "b": {"kind": "head", "layer": 2, "head": 0}}, {"i": 2, "j": 38, "corr": -0.906, "a": {"kind": "layer_norm", "layer": 2, "head": null}, "b": {"kind": "head", "layer": 3, "head": 7}}, {"i": 2, "j": 7, "corr": -0.904, "a": {"kind": "layer_norm", "layer": 2, "head": null}, "b": {"kind": "head", "layer": 0, "head": 0}}, {"i": 2, "j": 11, "corr": -0.902, "a": {"kind": "layer_norm", "layer": 2, "head": null}, "b": {"kind": "head", "layer": 0, "head": 4}}, {"i": 2, "j": 33, "corr": -0.9, "a": {"kind": "layer_norm", "layer": 2, "head": null}, "b": {"kind": "head", "layer": 3, "head": 2}}, {"i": 3, "j": 20, "corr": -0.896, "a": {"kind": "layer_norm", "layer": 3, "head": null}, "b": {"kind": "head", "layer": 1, "head": 5}}, {"i": 3, "j": 13, "corr": -0.896, "a": {"kind": "layer_norm", "layer": 3, "head": null}, "b": {"kind": "head", "layer": 0, "head": 6}}, {"i": 3, "j": 7, "corr": -0.891, "a": {"kind": "layer_norm", "layer": 3, "head": null}, "b": {"kind": "head", "layer": 0, "head": 0}}, {"i": 3, "j": 26, "corr": -0.885, "a": {"kind": "layer_norm", "layer": 3, "head": null}, "b": {"kind": "head", "layer": 2, "head": 3}}, {"i": 3, "j": 33, "corr": -0.881, "a": {"kind": "layer_norm", "layer": 3, "head": null}, "b": {"kind": "head", "layer": 3, "head": 2}}, {"i": 2, "j": 13, "corr": -0.879, "a": {"kind": "layer_norm", "layer": 2, "head": null}, "b": {"kind": "head", "layer": 0, "head": 6}}, {"i": 2, "j": 27, "corr": -0.863, "a": {"kind": "layer_norm", "layer": 2, "head": null}, "b": {"kind": "head", "layer": 2, "head": 4}}, {"i": 2, "j": 26, "corr": -0.859, "a": {"kind": "layer_norm", "layer": 2, "head": null}, "b": {"kind": "head", "layer": 2, "head": 3}}, {"i": 2, "j": 16, "corr": -0.859, "a": {"kind": "layer_norm", "layer": 2, "head": null}, "b": {"kind": "head", "layer": 1, "head": 1}}, {"i": 2, "j": 20, "corr": -0.851, "a": {"kind": "layer_norm", "layer": 2, "head": null}, "b": {"kind": "head", "layer": 1, "head": 5}}, {"i": 2, "j": 21, "corr": -0.83, "a": {"kind": "layer_norm", "layer": 2, "head": null}, "b": {"kind": "head", "layer": 1, "head": 6}}, {"i": 2, "j": 19, "corr": -0.812, "a": {"kind": "layer_norm", "layer": 2, "head": null}, "b": {"kind": "head", "layer": 1, "head": 4}}, {"i": 3, "j": 22, "corr": -0.804, "a": {"kind": "layer_norm", "layer": 3, "head": null}, "b": {"kind": "head", "layer": 1, "head": 7}}, {"i": 3, "j": 27, "corr": -0.8, "a": {"kind": "layer_norm", "layer": 3, "head": null}, "b": {"kind": "head", "layer": 2, "head": 4}}, {"i": 3, "j": 19, "corr": -0.793, "a": {"kind": "layer_norm", "layer": 3, "head": null}, "b": {"kind": "head", "layer": 1, "head": 4}}, {"i": 3, "j": 16, "corr": -0.792, "a": {"kind": "layer_norm", "layer": 3, "head": null}, "b": {"kind": "head", "layer": 1, "head": 1}}, {"i": 3, "j": 10, "corr": -0.791, "a": {"kind": "layer_norm", "layer": 3, "head": null}, "b": {"kind": "head", "layer": 0, "head": 3}}, {"i": 3, "j": 21, "corr": -0.786, "a": {"kind": "layer_norm", "layer": 3, "head": null}, "b": {"kind": "head", "layer": 1, "head": 6}}, {"i": 2, "j": 30, "corr": -0.76, "a": {"kind": "layer_norm", "layer": 2, "head": null}, "b": {"kind": "head", 