Plante	Angle brute
1	324
1	35
1	175
1	260
1	115
1	321
1	60
1	285
1	30
1	154
1	348
1	252
1	186
1	110
1	50
1	286
1	359
1	320
1	90
1	231
1	170
1	94
1	244
1	184
1	52
1	305
1	165
1	30
1	332
1	231
1	205
1	114
1	75
2	90
2	205
2	125
2	5
2	284
2	65
2	195
2	354
2	152
2	354
2	300
2	68
2	220
2	286
2	45
2	160
2	218
2	353
2	141
2	295
2	50
2	105
2	198
2	5
2	58
2	192
2	112
2	298
2	359
2	250
2	165
2	62
2	138
2	351
2	251
2	183
2	52
2	132
2	345
2	231
2	55
2	331
2	20
2	128
3	122
3	263
3	212
3	68
3	292
3	164
3	36
3	266
3	122
3	212
3	347
3	80
3	154
3	281
3	5
3	249
3	120
3	330
3	70
3	212
3	158
3	303
3	32
3	263
3	355
3	125
3	225
3	70
3	168
3	294
3	246
3	23
3	325
3	108
3	198
3	70
3	165
3	300
3	242
3	341
3	40
4	228
4	175
4	60
4	148
4	332
4	275
4	220
4	345
4	80
4	316
4	258
4	38
4	172
4	218
4	123
4	330
4	82
4	313
4	178
4	265
4	135
4	30
4	336
4	216
4	321
4	182
4	98
4	25
4	148
4	278
4	231
4	82
4	355
4	305
4	170
4	39
4	135
4	285
4	22
5	24
5	172
5	314
5	95
5	255
5	185
5	51
5	317
5	240
5	106
5	175
5	22
5	311
5	107
5	246
5	30
5	178
5	310
5	102
5	239
5	14
5	290
5	184
5	90
5	23
5	248
5	172
5	95
5	237
5	322
5	23
5	276
5	158
5	84
5	255
5	9
5	159
5	310
5	79
6	213
6	84
6	323
6	179
6	54
6	272
6	23
6	149
6	258
6	348
6	115
6	205
6	296
6	79
6	155
6	28
6	239
6	340
6	290
6	110
6	212
6	72
6	195
6	35
6	18
6	142
6	270
6	72
6	238
6	338
6	70
6	198
7	275
7	209
7	146
7	100
7	3
7	305
7	180
7	268
7	39
7	219
7	125
7	59
7	352
7	316
7	355
7	172
7	32
7	108
7	255
7	326
7	196
7	305
7	92
7	169
7	23
7	248
7	121
7	192
7	67
7	352
7	290
7	154
7	45
7	262
7	112
7	19
7	221
7	58
7	300
8	62
8	284
8	149
8	0
8	82
8	242
8	311
8	171
8	53
8	271
8	230
8	125
8	55
8	7
8	314
8	195
8	69
8	278
8	138
8	82
8	351
8	228
8	65
8	210
8	321
8	284
8	354
8	235
8	152
8	80
8	215
8	44
8	346
8	155
8	279
8	4
8	119
8	245
8	195
8	324
8	56
8	286
8	143
8	0
8	116
8	225
8	197
8	335
9	201
9	145
9	265
9	211
9	325
9	84
9	174
9	40
9	123
9	51
9	254
9	354
9	300
9	200
9	166
9	24
9	268
9	115
9	64
9	355
9	287
9	202
9	152
9	29
9	265
9	335
9	292
9	90
9	40
9	190
9	126
9	7
9	85
9	245
9	320
9	270
9	40
9	188
9	350
10	330
10	90
10	18
10	227
10	150
10	272
10	60
10	192
10	322
10	115
10	30
10	265
10	189
10	85
10	326
10	231
10	31
10	174
10	91
10	263
10	154
10	27
10	115
10	334
10	256
10	189
10	31
10	239
10	332
10	103
10	179
10	43
10	100
10	335
10	29
10	276
10	301
10	197
10	139
11	266
11	207
11	25
11	251
11	335
11	101
11	41
11	163
11	304
11	2
12	58
12	212
12	345
12	121
12	191
12	321
12	101
12	28
12	80
12	270
12	221
12	191
12	341
12	49
12	298
12	188
12	121
12	39
12	191
12	292
12	105
12	356
12	36
12	279
12	350
12	104
12	176
12	275
12	62
12	108
12	264
12	352
12	202
12	49
12	117
12	3
12	281
12	315
12	65
13	11
13	226
13	135
13	351
13	231
13	319
13	85
13	205
13	304
13	86
13	190
13	59
13	290
13	24
13	154
13	272
13	349
13	131
13	236
13	328
13	84
13	54
13	202
13	304
13	166
13	30
13	272
13	108
13	6
13	249
13	113
13	190
14	162
14	78
14	220
14	12
14	164
14	289
14	63
14	327
14	205
14	35
14	290
14	129
14	344
14	204
14	94
14	275
14	32
14	2
14	201
14	284
14	128
14	43
14	205
14	49
14	191
14	338
14	127
14	269
14	57
14	321
14	205
14	126
14	290
14	73
14	218
14	329
14	133
14	45
14	303
15	184
15	315
15	85
15	5
15	223
15	143
15	296
15	65
15	85
15	191
15	340
15	266
15	34
15	175
15	334
15	237
15	117
15	59
15	345
15	193
15	115
15	280
15	347
15	231
15	190
15	47
15	116
15	21
15	225
15	4
15	135
15	45
15	196
15	286
15	335
15	230
15	108
15	30
15	181
16	316
16	190
16	88
16	239
16	0
16	140
16	64
16	298
16	205
16	347
16	259
16	111
16	30
16	183
16	331
16	87
16	252
16	19
16	316
16	161
16	242
16	110
16	41
16	318
16	191
16	97
16	30
16	278
16	169
16	324
16	100
16	257
16	5
16	154
16	55
17	275
17	60
17	204
17	255
17	109
17	334
17	165
17	24
17	3
17	88
17	315
17	145
17	232
17	294
17	215
17	90
17	152
17	26
17	297
17	225
17	353
17	144
17	284
17	63
17	132
17	216
17	0
17	60
17	176
17	246
17	325
17	105
17	286
17	187
17	98
17	38
17	16
17	306
17	170
18	240
18	0
18	295
18	147
18	55
18	340
18	210
18	120
18	255
18	22
18	190
18	92
18	359
18	313
18	235
18	154
18	294
18	82
18	245
18	153
18	6
18	68
18	311
18	228
18	5
18	156
18	296
18	85
18	225
18	10
18	311
18	0
18	80
18	234
18	304
18	73
18	175
18	214
18	335
19	170
19	300
19	209
19	68
19	142
19	275
19	50
19	206
19	265
19	348
19	119
19	40
19	187
19	102
19	336
19	245
19	20
19	296
19	168
19	95
19	239
19	22
19	71
19	316
19	15
19	170
19	252
19	124
19	318
19	111
19	262
19	166
19	32
19	90
19	317
19	236
19	23
19	170
19	215
20	265
20	39
20	172
20	311
20	91
20	235
20	10
20	136
20	269
20	44
20	172
20	315
20	81
20	246
20	14
20	140
20	270
20	51
20	192
20	349
20	108
20	253
20	30
20	160
20	307
20	85
20	214
21	128
21	262
21	115
21	199
21	226
21	321
21	17
21	310
21	235
21	89
21	145
21	285
21	14
21	64
21	211
21	351
21	137
21	63
21	103
21	351
21	218
21	63
21	298
21	345
21	203
21	269
21	129
21	44
21	195
21	278
21	359
21	47
21	131
21	312
21	195
21	115
21	295
21	79
21	204
21	116
21	264
21	340
21	45
21	303
21	185
21	131
21	294
21	52
22	48
22	135
22	8
22	244
22	112
22	354
22	284
22	73
22	140
22	348
22	0
22	237
22	102
22	194
22	78
22	265
22	135
22	225
22	295
22	355
22	168
22	26
22	75
22	237
22	182
22	79
22	153
22	331
22	278
22	41
22	131
22	75
22	242
22	178
22	318
22	355
22	158
22	20
22	53
22	113
22	224
22	309
22	175
22	269
22	128
22	30
22	243
22	330
22	114
22	62
22	195
22	295
22	183
22	294
22	74
22	173
22	59
22	8
22	143
22	282
22	287
22	255
22	133
22	140
22	300
23	100
23	342
23	225
23	59
23	133
23	293
23	9
23	95
23	332
23	199
23	299
23	68
23	156
23	239
23	10
23	91
23	62
23	337
23	199
23	279
23	134
23	238
23	16
23	89
23	172
23	57
23	325
23	359
23	271
23	220
23	142
23	322
23	85
23	191
23	48
23	273
23	161
23	19
23	238
23	194
23	325
23	51
23	99
23	254
23	142
23	345
23	213
23	312
23	176
23	110
23	36
23	270
23	151
23	6
23	230
23	113
23	205
23	352
23	59
23	45
23	180
24	132
24	279
24	358
24	218
24	122
24	283
24	50
24	205
24	346
24	131
24	280
24	334
24	212
24	63
24	130
24	272
24	48
24	203
24	233
24	329
24	78
24	4
24	322
24	189
24	19
24	310
24	100
24	263
24	73
24	296
24	66
24	225
24	125
24	267
24	8
24	21
24	220
24	142
24	276
24	338
24	61
24	196
24	114
24	286
24	71
24	223
24	147
25	158
25	235
25	122
25	340
25	195
25	64
25	165
25	292
25	243
25	38
25	111
25	352
25	226
25	78
25	305
25	172
25	261
25	55
25	126
25	10
25	266
25	128
25	332
25	197
25	161
25	292
25	34
25	80
25	124
25	265
25	4
25	320
25	112
25	247
25	189
25	319
25	120
25	142
25	173
25	252
25	203
25	321
25	26
25	70
25	155
25	296
25	337
25	4
25	82
25	208
25	172
25	28
25	139
25	279
25	89
25	27
25	348
25	290
25	219
25	128
25	358
25	245
25	143
25	222
25	5
25	95
25	340
25	214
25	76
26	354
26	126
26	259
26	42
26	188
26	290
26	18
26	93
26	255
26	312
26	191
26	30
26	95
26	265
26	332
26	195
26	110
26	37
26	270
26	191
26	330
26	228
26	93
26	20
26	180
26	80
26	348
26	273
26	58
26	195
26	104
26	315
26	246
26	172
26	50
26	316
26	100
26	245
26	184
26	40
26	245
26	331
26	112
26	15
26	322
26	205
26	121
26	280
26	69
26	203
26	336
26	128
26	243
26	32
26	174
26	83
26	303
26	346
27	256
27	72
27	209
27	0
27	308
27	182
27	44
27	270
27	153
27	83
27	224
27	173
27	289
27	264
27	44
27	146
27	220
27	350
27	94
27	330
27	200
27	150
27	277
27	71
27	242
27	11
27	108
27	328
27	204
27	124
27	61
27	288
27	24
27	249
27	334
27	110
27	182
27	280
27	141
27	222
27	38
27	354
27	241
27	170
27	308
27	83
27	41
27	42
27	128
27	0
27	87
27	208
27	180
27	254
27	292
27	116
27	33
27	178
27	312
27	136
27	71
27	17
28	179
28	346
28	114
28	250
28	168
28	30
28	339
28	78
28	27
28	241
28	151
28	292
28	72
28	218
28	139
28	351
28	290
28	63
28	209
28	5
28	275
28	153
28	57
28	212
28	131
28	63
28	22
28	294
28	218
28	354
28	282
28	148
28	213
28	107
28	14
28	153
28	302
28	78
28	144
28	350
28	218
28	288
28	195
28	80
28	33
28	172
28	87
28	247
28	355
28	244
28	34
28	310
28	178
28	250
28	96
28	28
28	311
28	170
28	84
28	258
28	8
28	304
28	169
28	233
28	85
28	355
28	109
28	273
28	40
29	356
29	242
29	101
29	329
29	211
29	278
29	65
29	154
29	31
29	247
29	215
29	351
29	75
29	159
29	300
29	59
29	269
29	199
29	129
29	43
29	125
29	200
29	350
29	109
29	60
29	320
29	185
29	284
29	17
29	231
29	102
29	174
29	216
29	325
29	66
29	289
29	182
29	68
29	282
29	140
29	19
29	123
29	248
29	23
29	124
29	18
30	114
30	334
30	200
30	148
30	298
30	234
30	14
30	137
30	243
30	5
30	100
30	175
30	329
30	60
30	289
30	145
30	241
30	35
30	347
30	134
30	220
30	47
30	88
30	181
30	324
30	285
30	10
30	170
30	134
30	291
30	12
30	108
30	254
30	358
30	85
30	208
30	176
30	327
30	79
30	292
30	163
30	269
30	4
30	68
30	312
30	224
30	155
30	108
30	28
30	210
30	315
30	60
30	212
30	2
30	159
30	81
30	253
30	318
30	218
30	40
30	109
30	71
30	179
30	279
30	352
31	150
31	4
31	62
31	308
31	215
31	158
31	200
31	280
31	58
31	132
31	358
31	270
31	227
31	80
31	172
31	299
31	22
31	228
31	86
31	11
31	290
31	178
31	235
31	94
31	28
31	333
31	198
31	245
31	106
31	321
31	49
31	186
31	99
31	14
31	244
31	176
31	320
31	95
31	260
31	40
31	200
31	250
31	343
31	164
31	107
31	20
31	310
31	131
31	292
31	208
31	89
31	8
31	145
31	60
31	290
31	243
31	280
31	347
31	132
31	199
31	306
31	50
31	99
31	251
31	160
31	355
31	312
31	230
31	91
31	0
31	163
31	267
31	183
31	34
31	98
31	329
31	251
31	23
31	169
31	297
32	107
32	16
32	260
32	147
32	314
32	85
32	138
32	358
32	249
32	274
32	68
32	136
32	237
32	358
32	36
32	280
32	194
32	349
32	100
32	34
32	252
32	163
32	78
32	332
32	28
32	261
32	325
32	180
32	255
32	106
32	154
32	47
32	259
32	353
32	34
32	110
32	101
32	200
32	343
32	269
32	187
32	76
32	130
32	350
32	49
32	274
32	337
32	190
32	280
32	168
32	220
32	78
32	270
32	71
32	141
32	5
32	349
32	236
32	139
32	291
32	210
32	60
32	122
32	4
32	268
32	70
32	332
32	294
32	226
32	162
32	209
32	78
32	18
33	116
33	211
33	70
33	301
33	168
33	37
33	254
33	143
33	18
33	246
33	200
33	95
33	343
33	284
33	51
33	153
33	10
33	246
33	119
33	210
33	80
33	355
33	317
33	179
33	60
33	302
33	244
33	168
33	52
33	6
33	142
33	244
33	119
33	334
33	208
33	168
33	312
33	114
33	65
33	29
33	305
33	175
33	273
33	145
33	90
33	230
33	30
33	196
33	347
33	86
33	308
33	145
33	43
33	262
33	10
33	234
33	359
33	139
33	220
33	174
33	92
33	330
33	279
33	70
33	29
33	179
33	280
33	154
33	257
33	41
33	123
33	85
33	29
33	258
33	24
33	256
33	200
33	50
33	308
33	204
34	290
34	166
34	20
34	241
34	343
34	101
34	185
34	70
34	306
34	187
34	59
34	273
34	153
34	232
34	20
34	105
34	346
34	213
34	77
34	307
34	260
34	174
34	46
34	140
34	232
34	34
34	129
34	355
34	95
34	308
34	257
34	205
34	81
34	166
34	312
34	257
34	64
34	148
34	85
34	211
34	352
34	190
34	92
34	20
34	68
34	193
34	338
34	272
34	150
34	232
34	26
34	150
34	349
34	243
34	190
34	95
34	325
34	265
34	50
34	351
34	119
34	71
34	259
34	4
34	93
34	240
34	343
34	209
34	318
34	88
34	184
34	75
34	316
35	96
35	225
35	9
35	143
35	279
35	65
35	212
35	354
35	140
35	299
35	4
35	230
35	145
35	58
35	205
35	307
35	0
35	125
35	41
35	290
35	193
35	108
35	344
35	248
35	170
35	92
35	323
35	244
35	18
35	300
35	152
35	225
35	92
35	10
35	155
35	292
35	358
35	224
35	74
35	158
35	56
35	305
35	5
35	224
35	146
35	300
35	91
35	224
35	10
35	160
35	70
35	304
35	237
35	38
35	102
35	192
35	328
35	251
35	33
35	310
35	180
35	105
35	154
35	222
35	358
35	269
35	171
35	33
35	298
35	236
35	100
35	173
35	23
35	312
35	247
35	129
35	124
35	251
36	114
36	343
36	69
36	281
36	357
36	152
36	332
36	297
36	117
36	65
36	187
36	18
36	149
36	276
36	135
36	358
36	98
36	58
36	340
36	220
36	260
36	307
36	170
36	56
36	281
36	241
36	16
36	161
36	114
36	2
36	262
36	133
36	3
36	92
36	331
36	252
36	229
36	106
36	349
36	206
36	72
36	39
36	209
36	350
36	40
36	299
36	164
36	250
36	122
36	0
36	263
36	356
36	155
36	236
36	93
36	387
36	208
36	154
36	76
36	319
36	45
36	136
36	274
36	219
36	15
36	109
36	334
36	210
36	93
36	357
36	253
36	152
36	12
36	257
36	151
36	50
36	333
36	213
36	337
37	257
37	96
37	54
37	190
37	50
37	14
37	137
37	265
37	240
37	132
37	212
37	355
37	76
37	289
37	45
37	169
37	109
37	244
37	331
37	70
37	22
37	193
37	160
37	292
37	109
37	272
37	71
37	352
37	200
37	40
37	159
37	316
37	104
37	356
37	245
37	223
37	81
37	162
37	49
37	329
37	299
37	29
37	172
37	200
37	258
37	330
37	85
37	64
37	295
37	210
37	74
37	322
37	60
37	208
37	158
37	13
37	304
37	266
37	131
37	29
37	134
37	279
37	217
37	21
37	130
37	11
37	271
37	165
37	33
37	108
37	358
37	110
38	290
38	4
38	151
38	257
38	340
38	220
38	310
38	85
38	169
38	16
38	116
38	345
38	232
38	186
38	130
38	342
38	83
38	179
38	79
38	30
38	179
38	310
38	273
38	6
38	154
38	265
38	140
38	24
38	120
38	267
38	335
38	78
38	315
38	208
38	161
38	274
38	53
38	165
38	4
38	250
38	341
38	124
38	223
38	76
38	212
38	55
38	142
38	350
38	54
38	280
38	279
38	170
38	34
38	248
38	155
38	241
38	30
38	130
38	357
38	256
38	324
38	125
38	266
38	357
38	126
38	60
38	205
38	168
38	315
39	59
39	299
39	113
39	254
39	20
39	303
39	159
39	78
39	225
39	356
39	153
39	297
39	84
39	7
39	160
39	85
39	308
39	19
39	268
39	308
39	68
39	168
39	63
39	34
39	320
39	268
39	37
39	334
39	158
39	256
39	250
39	134
39	172
39	38
39	358
39	33
39	260
39	124
39	89
39	345
39	219
39	270
39	63
39	204
39	26
39	346
39	296
39	229
39	354
39	148
39	204
39	77
39	325
39	22
39	76
39	286
39	169
39	250
39	307
39	16
39	164
39	76
39	247
39	161
39	20
39	340
39	10
39	130
39	238
39	162
39	317
39	228
39	110
39	167
39	34
39	332
39	122
39	249
39	40
39	317
40	6
40	154
40	75
40	320
40	16
40	255
40	172
40	78
40	318
40	235
40	165
40	43
40	102
40	332
40	259
40	32
40	184
40	330
40	259
40	135
40	192
40	55
40	112
40	348
40	278
40	61
40	90
40	326
40	205
40	292
40	65
40	200
40	142
40	353
40	336
40	210
40	245
40	330
40	280
40	76
40	163
40	220
40	60
40	359
40	286
40	167
40	69
40	236
40	143
40	15
40	281
40	59
40	189
40	330
40	117
40	235
