Plante	Angle
1	289
1	220
1	275
1	145
1	154
1	261
1	135
1	255
1	236
1	166
1	96
1	66
1	76
1	60
1	124
1	287
1	39
1	230
1	219
1	61
1	76
1	210
1	60
1	132
1	107
1	140
1	135
1	58
1	101
1	26
1	91
1	39
2	115
2	280
2	240
2	279
2	141
2	130
2	159
2	158
2	202
2	306
2	128
2	152
2	66
2	119
2	115
2	58
2	135
2	148
2	154
2	115
2	55
2	93
2	167
2	53
2	134
2	280
2	186
2	61
2	251
2	275
2	257
2	76
2	213
2	260
2	292
2	229
2	80
2	213
2	246
2	184
2	276
2	49
2	108
3	141
3	309
3	216
3	224
3	232
3	232
3	230
3	216
3	90
3	135
3	93
3	74
3	127
3	84
3	244
3	231
3	210
3	100
3	142
3	306
3	145
3	89
3	231
3	92
3	130
3	100
3	205
3	98
3	126
3	312
3	137
3	302
3	143
3	90
3	232
3	95
3	135
3	302
3	99
3	59
4	53
4	115
4	272
4	176
4	57
4	55
4	235
4	265
4	124
4	58
4	220
4	226
4	314
4	95
4	153
4	248
4	129
4	135
4	273
4	130
4	105
4	54
4	120
4	255
4	139
4	84
4	73
4	237
4	230
4	47
4	149
4	87
4	50
4	135
4	131
4	264
4	210
4	263
5	148
5	142
5	141
5	160
5	290
5	226
5	266
5	283
5	226
5	69
5	207
5	289
5	156
5	139
5	144
5	148
5	132
5	152
5	137
5	135
5	276
5	254
5	266
5	293
5	225
5	284
5	283
5	142
5	85
5	61
5	253
5	242
5	286
5	171
5	114
5	150
5	151
5	129
6	231
6	239
6	216
6	235
6	218
6	111
6	126
6	109
6	90
6	127
6	90
6	91
6	143
6	76
6	233
6	211
6	101
6	310
6	180
6	102
6	220
6	123
6	200
6	343
6	124
6	128
6	162
6	166
6	100
6	92
6	128
7	66
7	63
7	46
7	97
7	58
7	125
7	272
7	229
7	180
7	94
7	66
7	67
7	36
7	321
7	183
7	140
7	284
7	213
7	289
7	130
7	251
7	213
7	283
7	146
7	135
7	127
7	289
7	125
7	75
7	62
7	136
7	109
7	143
7	150
7	93
7	158
7	163
7	118
8	138
8	135
8	149
8	278
8	200
8	291
8	140
8	118
8	142
8	41
8	105
8	70
8	48
8	53
8	119
8	126
8	151
8	140
8	56
8	91
8	123
8	163
8	215
8	249
8	37
8	290
8	119
8	83
8	72
8	225
8	171
8	58
8	191
8	236
8	275
8	245
8	234
8	50
8	231
8	268
8	130
8	143
8	143
8	244
8	251
8	28
9	56
9	240
9	54
9	246
9	241
9	270
9	134
9	277
9	72
9	157
9	260
9	54
9	100
9	34
9	142
9	116
9	153
9	51
9	69
9	68
9	85
9	50
9	123
9	124
9	290
9	43
9	202
9	50
9	210
9	64
9	119
9	282
9	200
9	285
9	50
9	230
9	212
9	198
10	240
10	72
10	151
10	77
10	238
10	212
10	228
10	230
10	207
10	85
10	125
10	76
10	104
10	119
10	95
10	200
10	217
10	83
10	188
10	109
10	127
10	272
10	141
10	78
10	67
10	158
10	152
10	267
10	229
10	284
10	136
10	303
10	125
10	306
10	113
10	335
10	104
10	58
11	301
11	178
11	226
11	84
11	126
11	300
11	122
11	141
11	58
12	154
12	133
12	136
12	70
12	130
12	140
12	287
12	52
12	190
12	311
12	330
12	150
12	68
12	249
12	250
12	293
12	278
12	152
12	101
12	173
12	251
12	40
12	243
12	71
12	114
12	72
12	99
12	147
12	46
12	156
12	88
12	210
12	207
12	68
12	246
12	278
12	34
12	110
13	215
13	269
13	216
13	240
13	88
13	126
13	120
13	99
13	142
13	104
13	229
13	231
13	94
13	130
13	118
13	77
13	142
13	105
13	92
13	116
13	330
13	148
13	102
13	222
13	224
13	242
13	196
13	258
13	243
13	224
13	77
14	84
14	218
14	208
14	208
14	235
14	226
14	96
14	122
14	170
14	105
14	161
14	145
14	140
14	110
14	179
14	243
14	30
14	161
14	277
14	156
14	85
14	198
14	156
14	218
14	213
14	211
14	218
14	212
14	96
14	116
14	79
14	196
14	217
14	215
14	249
14	196
14	88
14	102
14	303
15	131
15	130
15	280
15	218
15	280
15	153
15	129
15	20
15	106
15	149
15	286
15	128
15	141
15	159
15	263
15	240
15	302
15	286
15	208
15	282
15	165
15	67
15	244
15	319
15	217
15	69
15	265
15	204
15	139
15	131
15	270
15	151
15	90
15	49
15	255
15	238
15	282
15	151
16	126
16	102
16	209
16	239
16	220
16	76
16	126
16	93
16	218
16	88
16	148
16	81
16	207
16	212
16	244
16	195
16	233
16	63
16	155
16	279
16	132
16	69
16	83
16	127
16	94
16	67
16	112
16	109
16	205
16	224
16	203
16	252
16	211
16	99
17	215
17	216
17	309
17	146
17	135
17	169
17	141
17	21
17	275
17	133
17	170
17	273
17	298
17	79
17	125
17	298
17	126
17	89
17	72
17	232
17	209
17	220
17	221
17	291
17	276
17	216
17	300
17	244
17	290
17	281
17	220
17	179
17	99
17	89
17	60
17	22
17	70
17	136
18	120
18	295
18	212
18	268
18	285
18	230
18	270
18	135
18	127
18	168
18	262
18	267
18	314
18	282
18	279
18	140
18	148
18	163
18	268
18	213
18	62
18	243
18	277
18	137
18	151
18	140
18	149
18	140
18	145
18	301
18	49
18	80
18	154
18	70
18	129
18	102
18	39
18	121
19	130
19	269
19	219
19	74
19	133
19	135
19	156
19	59
19	83
19	131
19	281
19	147
19	275
19	234
19	269
19	135
19	276
19	232
19	287
19	144
19	143
19	49
19	245
19	59
19	155
19	82
19	232
19	194
19	153
19	151
19	264
19	226
19	58
19	227
19	279
19	147
19	147
19	45
20	134
20	133
20	139
20	140
20	144
20	135
20	126
20	133
20	135
20	128
20	143
20	126
20	165
20	128
20	126
20	130
20	141
20	141
20	157
20	119
20	145
20	137
20	130
20	147
20	138
20	129
101	134
101	213
101	84
101	27
101	95
101	56
101	293
101	285
101	214
101	56
101	140
101	89
101	50
101	147
101	140
101	146
101	286
101	40
101	248
101	227
101	205
101	235
101	47
101	218
101	66
101	220
101	275
101	151
101	83
101	81
101	48
101	84
101	181
101	243
101	280
101	180
101	144
101	125
101	272
101	148
101	76
101	65
101	258
101	242
101	306
101	163
101	118
102	87
102	233
102	236
102	228
102	242
102	290
102	149
102	67
102	208
102	12
102	237
102	225
102	92
102	244
102	187
102	230
102	90
102	70
102	60
102	173
102	218
102	49
102	162
102	305
102	257
102	74
102	178
102	307
102	123
102	90
102	304
102	167
102	296
102	140
102	37
102	163
102	222
102	33
102	60
102	111
102	85
102	226
102	94
102	219
102	262
102	213
102	87
102	144
102	308
102	133
102	100
102	248
102	111
102	140
102	99
102	246
102	309
102	135
102	139
102	5
102	328
102	238
102	7
102	160
103	118
103	117
103	166
103	286
103	200
103	284
103	274
103	123
103	133
103	260
103	231
103	272
103	277
103	229
103	279
103	29
103	85
103	138
103	280
103	145
103	256
103	222
103	287
103	277
103	115
103	92
103	326
103	88
103	51
103	78
103	180
103	237
103	254
103	143
103	135
103	112
103	142
103	141
103	44
103	229
103	274
103	312
103	205
103	112
103	157
103	132
103	261
103	136
103	66
103	74
103	126
103	119
103	145
103	136
103	117
103	268
103	213
103	293
103	14
103	225
104	147
104	79
104	220
104	264
104	161
104	127
104	155
104	141
104	145
104	149
104	54
104	238
104	211
104	67
104	142
104	136
104	155
104	30
104	96
104	109
104	286
104	318
104	227
104	190
104	291
104	150
104	163
104	170
104	223
104	130
104	159
104	260
104	142
104	101
104	13
104	199
104	282
104	134
104	62
104	83
104	135
104	278
104	172
104	145
104	152
104	284
105	77
105	247
105	218
105	215
105	229
105	101
105	127
105	311
105	155
105	73
105	241
105	234
105	212
105	227
105	227
105	89
105	154
105	71
105	244
105	256
105	222
105	204
105	225
105	324
105	131
105	102
105	46
105	44
105	141
105	99
105	316
105	152
105	135
105	302
105	130
105	161
105	22
105	31
105	79
105	311
105	118
105	65
105	44
105	85
105	141
105	41
105	27
105	78
105	126
105	324
105	216
105	111
105	140
105	170
105	298
105	321
105	302
105	289
105	269
105	230
105	247
105	258
105	79
105	143
105	90
105	245
105	234
106	132
106	133
106	143
106	146
106	102
106	88
106	75
106	162
106	57
106	239
106	199
106	65
106	170
106	67
106	223
106	275
106	287
106	233
106	281
106	139
106	258
106	225
106	287
106	160
106	260
106	268
106	285
106	145
106	137
106	269
106	211
106	291
106	286
106	238
106	266
106	144
106	145
106	299
106	216
106	205
106	86
106	141
106	263
106	307
106	243
106	276
106	159
106	149
106	134
106	133
106	152
106	115
106	149
106	142
106	269
106	220
106	43
107	176
107	137
107	151
107	308
107	234
107	222
107	226
107	243
107	290
107	141
107	309
107	116
107	335
107	140
107	102
107	74
107	130
107	104
107	236
107	230
107	310
107	127
107	154
107	171
107	129
107	97
107	220
107	236
107	280
107	297
107	227
107	96
107	225
107	85
107	136
107	72
107	98
107	221
107	81
107	176
107	316
107	247
107	289
107	138
107	135
107	318
107	1
107	86
107	232
107	87
107	121
107	332
107	74
107	38
107	184
107	277
107	145
107	134
107	184
107	295
107	306
108	193
108	232
108	224
108	82
108	138
108	51
108	261
108	51
108	146
108	90
108	219
108	220
108	214
108	79
108	148
108	61
108	227
108	214
108	204
108	90
108	122
108	96
108	205
108	81
108	68
108	41
108	88
108	76
108	224
108	72
108	134
108	295
108	106
108	93
108	221
108	211
108	224
108	294
108	154
108	132
108	290
108	93
108	115
108	47
108	221
108	85
108	200
108	252
108	111
108	210
108	84
108	132
108	288
108	154
108	68
108	77
108	141
108	86
108	186
108	250
108	64
108	135
108	296
108	148
108	90
108	246
108	196
109	114
109	141
109	132
109	118
109	293
109	213
109	271
109	123
109	144
109	32
109	224
109	276
109	276
109	219
109	241
109	150
109	70
109	70
109	86
109	278
109	285
109	210
109	241
109	49
109	100
109	135
109	261
109	267
109	146
109	129
109	288
109	318
109	251
109	259
109	137
109	107
109	114
109	146
109	142
109	121
109	256
109	235
109	225
109	259
109	106
110	220
110	226
110	308
110	150
110	296
110	140
110	123
110	106
110	122
110	95
110	75
110	154
110	91
110	229
110	216
110	96
110	154
110	312
110	147
110	86
110	187
110	41
110	93
110	143
110	321
110	85
110	160
110	324
110	157
110	81
110	96
110	146
110	104
110	87
110	123
110	328
110	151
110	112
110	213
110	231
110	106
110	95
110	64
110	244
110	272
110	291
110	313
110	280
110	182
110	105
110	105
110	152
110	150
110	157
110	282
110	172
110	65
110	260
110	182
110	69
110	322
110	108
110	100
110	73
111	146
111	302
111	114
111	93
111	57
111	318
111	280
111	222
111	286
111	134
111	88
111	43
111	147
111	268
111	233
111	277
111	154
111	142
111	75
111	81
111	112
111	303
111	141
111	66
111	55
111	135
111	313
111	139
111	145
111	272
111	223
111	87
111	85
111	130
111	68
111	216
111	225
111	195
111	220
111	200
111	310
111	267
111	179
111	57
111	87
111	70
111	179
111	199
111	84
111	119
111	81
111	223
111	85
111	130
111	47
111	323
111	293
111	215
111	293
111	253
111	256
111	311
111	208
111	91
111	165
111	43
111	82
111	139
111	91
111	197
111	256
111	84
111	149
111	296
111	129
111	78
111	228
111	214
111	232
112	91
112	116
112	113
112	193
112	229
112	307
112	140
112	109
112	335
112	206
112	292
112	259
112	239
112	322
112	116
112	86
112	205
112	249
112	66
112	142
112	89
112	85
112	106
112	304
112	127
112	296
112	145
112	285
112	149
112	312
112	107
112	148
112	266
112	319
112	284
112	9
112	261
112	217
112	74
112	82
112	111
112	306
112	140
112	301
112	135
112	297
112	147
112	270
112	112
112	308
112	142
112	168
112	199
112	290
112	136
112	16
112	113
112	97
112	208
112	81
112	150
112	298
112	118
112	96
112	198
112	98
112	38
112	68
112	64
112	313
112	131
112	60
113	265
113	141
113	129
113	133
113	131
113	143
113	111
113	125
113	132
113	46
113	105
113	112
113	59
113	233
113	258
113	143
113	124
113	127
113	269
113	130
113	85
113	38
113	138
113	119
113	118
113	58
113	76
113	116
113	46
113	224
113	258
113	125
113	145
113	126
113	40
113	216
113	198
113	49
113	36
113	84
113	130
113	262
113	128
113	55
113	220
113	200
113	194
113	209
113	261
113	138
113	163
113	102
113	141
113	252
113	136
113	235
113	220
113	279
113	46
113	82
113	122
113	51
113	209
113	41
113	210
113	259
113	126
113	257
113	216
113	278
113	38
113	56
113	131
113	234
113	128
113	56
113	150
113	102
113	104
114	124
114	146
114	139
114	258
114	242
114	276
114	115
114	124
114	119
114	128
114	146
114	120
114	281
114	212
114	275
114	119
114	133
114	136
114	130
114	47
114	86
114	128
114	266
114	268
114	198
114	265
114	134
114	260
114	147
114	51
114	52
114	124
114	275
114	214
114	55
114	193
114	276
114	63
114	234
114	219
114	162
114	98
114	72
114	312
114	235
114	215
114	66
114	122
114	278
114	206
114	236
114	161
114	106
114	53
114	95
114	130
114	60
114	215
114	59
114	232
114	48
114	172
114	255
114	271
114	213
114	257
114	134
114	251
114	230
114	264
114	109
114	119
115	231
115	216
115	226
115	224
115	214
115	213
115	218
115	214
115	201
115	295
115	134
115	85
115	87
115	213
115	258
115	307
115	235
115	84
115	111
115	97
115	85
115	124
115	96
115	78
115	78
115	129
115	79
115	226
115	78
115	148
115	287
115	133
115	82
115	215
115	223
115	294
115	134
115	150
115	276
115	102
115	111
115	300
115	141
115	78
115	206
115	209
115	227
115	214
115	210
115	90
115	126
115	67
115	199
115	296
115	270
115	224
115	77
115	218
115	83
115	130
115	75
115	311
115	292
115	224
115	89
115	98
115	138
115	95
115	62
115	136
115	287
115	150
115	71
115	65
115	118
115	5
115	233
116	131
116	274
116	148
116	284
116	205
116	180
116	35
116	180
116	52
116	238
116	169
116	229
116	233
116	141
116	137
116	260
116	40
116	78
116	120
116	320
116	313
116	137
116	114
116	135
116	40
116	225
116	215
116	47
116	112
116	100
116	129
116	130
116	271
116	121
116	79
116	23
116	123
116	117
116	143
116	134
116	33
116	190
116	219
116	310
116	101
116	135
116	274
116	128
116	122
116	97
116	267
116	201
116	279
116	143
116	66
116	179
116	54
116	78
116	117
116	274
116	269
116	222
116	55
116	204
116	266
116	135
116	124
116	117
116	96
116	104
116	101
116	140
116	115
116	106
116	101
116	77
116	120
116	236
117	161
117	42
117	224
117	140
117	36
117	237
117	232
117	25
117	108
117	280
117	217
117	279
117	147
117	244
117	236
117	60
117	225
117	273
117	261
117	48
117	189
117	33
117	228
117	183
117	197
117	201
117	79
117	152
117	160
117	241
117	203
117	212
117	108
117	111
117	22
117	142
117	279
117	113
117	80
117	30
117	270
117	217
117	332
117	302
117	288
117	245
117	21
117	129
117	85
117	136
117	112
117	262
117	212
117	50
117	145
117	69
117	38
117	135
117	102
117	255
117	215
117	62
117	196
117	251
117	119
117	100
117	106
117	132
117	285
117	110
117	248
118	74
118	147
118	106
118	83
118	240
118	90
118	135
118	84
118	207
118	100
118	229
118	247
118	314
118	304
118	212
118	101
118	96
118	260
118	311
118	149
118	131
118	323
118	93
118	148
118	111
118	235
118	244
118	96
118	147
118	68
118	103
118	237
118	253
118	313
118	113
118	139
118	112
118	199
118	246
118	91
118	143
118	99
118	213
118	136
118	203
118	87
118	208
118	64
118	226
118	359
118	251
118	224
118	214
118	267
118	86
118	149
118	100
118	227
118	259
118	68
118	161
118	141
118	91
118	129
118	294
118	145
118	323
118	147
119	120
119	186
119	219
119	234
119	77
119	144
119	81
119	213
119	229
119	203
119	216
119	213
119	77
119	207
119	75
119	137
119	289
119	111
119	320
119	240
119	260
119	105
119	29
119	74
119	52
119	231
119	63
119	176
119	262
119	6
119	116
119	322
119	134
119	40
119	325
119	133
119	136
119	35
119	104
119	126
119	309
119	207
119	219
119	178
119	40
119	50
119	67
119	235
119	206
119	304
119	127
119	112
119	303
119	306
119	150
119	117
119	279
119	303
119	291
119	212
119	88
119	189
119	86
119	141
119	40
119	330
119	240
119	252
119	76
119	205
119	89
119	118
119	303
119	133
119	62
119	210
119	233
119	209
119	83
120	212
120	79
120	115
120	304
120	121
120	83
120	94
120	120
120	83
120	70
120	122
120	301
120	130
120	73
120	227
120	208
120	214
120	71
120	124
120	303
120	137
120	303
120	124
120	70
120	217
120	331
120	124
120	121
120	273
120	227
120	225
120	58
120	149
120	17
120	126
120	325
120	275
120	50
120	204
120	273
120	303
120	160
120	61
120	73
120	119
120	98
120	193
120	93
120	128
120	94
120	222
120	230
120	219
120	213
120	242
