1	190
1	332
1	90
1	228
1	0
1	148
1	188
1	40
1	248
1	328
1	132
1	185
1	315
1	50
1	98
1	228
1	0
1	271
1	148
1	198
1	330
1	58
1	95
1	255
1	45
1	312
1	192
1	232
1	85
1	270
1	0
1	140
1	233
1	98
1	0
1	281
1	140
1	187
1	319
1	65
1	120
1	271
1	179
1	57
1	320
1	108
1	279
1	24
2	72
2	188
2	230
2	270
2	0
2	141
2	50
2	190
2	341
2	40
2	116
2	252
2	175
2	290
2	78
2	215
2	340
2	142
2	255
2	50
2	170
2	301
2	70
2	123
2	330
2	38
2	277
2	320
2	109
2	187
2	10
2	259
2	158
2	69
2	298
2	235
2	143
2	7
2	298
2	65
3	105
3	175
3	290
3	75
3	351
3	124
3	32
3	252
3	299
3	195
3	238
3	85
3	145
3	25
3	288
3	80
3	200
3	140
3	38
3	271
3	298
3	172
3	87
3	222
3	347
3	137
3	292
3	212
3	82
3	335
3	125
3	251
3	58
3	185
3	319
3	232
3	358
3	171
3	289
3	65
3	204
3	344
3	115
3	263
3	179
3	352
3	92
3	239
3	63
4	65
4	305
4	165
4	15
4	315
4	242
4	200
4	305
4	120
4	60
4	155
4	248
4	18
4	196
4	121
4	324
4	80
4	285
4	157
4	23
4	244
4	330
4	123
4	200
4	80
4	292
4	170
4	35
4	147
4	282
4	271
4	37
4	121
4	13
4	128
4	255
4	208
4	320
4	315
4	108
4	164
4	272
4	35
4	127
4	345
5	345
5	120
5	252
5	28
5	292
5	59
5	214
5	23
5	157
5	73
5	303
5	243
5	46
5	202
5	334
5	133
5	295
5	79
5	131
5	220
5	260
5	39
5	346
5	184
5	307
5	100
5	248
5	27
5	153
5	92
5	350
5	320
5	203
5	283
5	135
5	70
5	210
6	332
6	108
6	84
6	335
6	227
6	312
6	100
6	191
6	277
6	34
6	358
6	177
6	260
6	342
6	130
6	228
6	314
6	84
6	20
6	189
6	281
6	344
6	120
6	218
6	302
6	77
6	165
6	29
6	118
6	241
6	345
6	297
6	221
6	64
6	250
6	21
6	175
6	149
6	97
6	4
6	249
6	329
7	15
7	252
7	231
7	350
7	332
7	110
7	73
7	311
7	225
7	176
7	62
7	289
7	141
7	30
7	119
7	250
7	337
7	90
7	218
7	175
7	320
7	54
7	120
7	332
7	225
7	195
7	82
7	156
7	302
7	22
7	243
7	111
7	210
7	342
7	85
7	172
7	60
7	8
7	137
7	226
7	323
8	346
8	259
8	124
8	282
8	15
8	155
8	78
8	218
8	342
8	263
8	123
8	28
8	296
8	159
8	60
8	196
8	359
8	261
8	134
8	31
8	302
8	182
8	239
8	89
8	20
8	278
8	162
8	58
8	220
8	329
8	248
8	122
8	19
8	202
8	334
8	126
8	270
8	58
8	188
8	314
8	239
8	91
8	23
8	182
8	322
8	116
8	29
8	270
8	352
8	170
9	91
9	300
9	269
9	198
9	155
9	30
9	245
9	115
9	341
9	198
9	65
9	300
9	155
9	57
9	255
9	123
9	346
9	77
9	229
9	306
9	171
9	61
9	289
9	147
9	28
9	8
9	158
9	280
9	243
9	107
9	328
9	194
9	57
9	289
9	265
9	170
9	40
9	352
9	126
9	246
9	98
9	331
9	45
9	198
9	166
9	302
9	45
9	264
9	155
9	29
9	259
9	100
9	237
10	69
10	193
10	312
10	241
10	128
10	45
10	185
10	305
10	74
10	338
10	190
10	225
10	332
10	14
10	270
10	148
10	178
10	316
10	33
10	229
10	102
10	345
10	120
10	268
10	168
10	14
10	302
10	216
10	68
10	332
10	124
10	268
10	54
10	176
10	313
10	103
10	231
10	3
10	302
10	166
10	101
10	221
10	359
10	138
10	276
11	110
11	255
11	10
11	316
11	160
11	225
11	350
11	80
11	254
11	323
11	146
11	173
11	219
11	65
11	350
11	135
11	285
11	60
11	321
11	220
11	118
11	269
11	40
11	171
11	323
11	90
11	218
11	355
11	145
11	55
11	250
11	186
11	320
11	86
11	349
11	232
11	150
11	70
11	295
11	231
11	19
11	146
11	292
11	55
11	311
11	161
11	93
11	210
11	336
11	91
11	12
11	250
11	160
11	291
12	174
12	320
12	92
12	231
12	151
12	0
12	271
12	56
12	174
12	83
12	214
12	280
12	333
12	210
12	101
12	36
12	182
12	314
12	88
12	230
12	28
12	155
12	46
12	294
12	196
12	333
12	92
12	235
12	22
12	166
12	284
12	198
12	68
12	333
12	243
12	110
12	51
12	207
12	350
12	254
12	121
12	35
12	166
13	302
13	84
13	210
13	119
13	338
13	251
13	153
13	17
13	271
13	309
13	35
13	55
13	157
13	206
13	131
13	0
13	280
13	63
13	325
13	180
13	125
13	180
13	274
13	36
13	302
13	325
13	45
13	198
13	105
13	10
13	260
13	176
13	123
13	24
13	250
13	40
13	138
13	60
13	271
13	189
13	342
13	104
13	29
14	351
14	215
14	302
14	95
14	20
14	338
14	276
14	205
14	157
14	276
14	138
14	13
14	130
14	265
14	40
14	338
14	286
14	200
14	35
14	155
14	264
14	329
14	89
14	70
14	303
14	206
14	21
14	165
14	264
14	333
14	134
14	79
14	213
14	294
14	21
14	155
14	241
14	120
14	226
14	96
14	28
14	325
14	57
14	208
14	298
14	35
14	151
14	117
14	346
14	265
14	298
14	213
14	176
14	106
14	47
14	22
15	287
15	140
15	0
15	229
15	65
15	310
15	35
15	3
15	286
15	238
15	172
15	157
15	80
15	137
15	268
15	90
15	212
15	30
15	190
15	331
15	183
15	315
15	111
15	270
15	55
15	139
15	220
15	101
15	356
15	296
15	154
15	137
15	12
15	239
15	348
15	289
15	210
15	86
15	171
15	18
15	244
15	120
15	335
15	84
15	310
15	220
15	192
15	50
16	132
16	265
16	53
16	173
16	313
16	98
16	244
16	25
16	147
16	275
16	300
16	155
16	20
16	83
16	355
16	248
16	153
16	92
16	331
16	223
16	18
16	129
16	268
16	50
16	115
16	169
16	340
16	240
16	22
16	162
16	293
16	91
16	209
16	139
16	28
17	270
17	26
17	0
17	128
17	320
17	262
17	138
17	235
17	188
17	97
17	0
17	111
17	346
17	65
17	211
17	298
17	249
17	21
17	163
17	141
17	355
17	320
17	218
17	120
17	108
17	198
17	340
17	65
17	304
17	45
17	173
17	155
17	295
17	265
17	61
17	146
17	13
17	327
17	236
17	121
17	202
17	323
17	93
17	186
17	42
17	156
17	265
17	350
17	125
17	327
17	252
17	230
17	310
17	100
18	80
18	303
18	159
18	55
18	277
18	148
18	13
18	258
18	130
18	2
18	239
18	110
18	345
18	214
18	89
18	310
18	187
18	90
18	311
18	163
18	57
18	259
18	179
18	276
18	56
18	4
18	180
18	287
18	18
18	136
18	94
18	223
18	310
18	187
18	58
19	291
19	68
19	200
19	135
19	284
19	83
19	217
19	4
19	144
19	265
19	69
19	210
19	341
19	128
19	34
19	259
19	181
19	95
19	316
19	13
19	235
19	268
19	124
19	38
19	332
19	157
20	262
20	31
20	155
20	298
20	92
20	28
20	271
20	218
20	339
20	132
20	268
20	68
20	182
20	334
20	128
20	269
20	65
20	201
20	353
20	132
20	54
20	286
20	200
20	98
20	330
20	251
20	42
20	186
20	322
20	105
20	19
20	239
20	182
20	101
20	323
20	251
20	29
20	187
20	315
20	94
21	306
21	70
21	202
21	108
21	332
21	268
21	37
21	302
21	149
21	80
21	210
21	351
21	125
21	319
21	79
21	213
21	112
21	351
21	36
21	266
21	158
21	89
21	314
21	4
21	221
21	132
21	64
21	184
21	296
21	356
21	142
21	191
21	265
21	42
21	103
21	326
21	252
21	152
21	6
22	26
22	295
22	146
22	35
22	186
22	356
22	261
22	126
22	30
22	181
22	324
22	14
22	79
22	222
22	143
22	331
22	66
22	200
22	344
22	121
22	266
22	40
22	162
22	75
22	310
22	332
22	117
22	39
22	269
22	196
22	111
22	327
22	105
22	260
22	15
23	95
23	322
23	199
23	72
23	286
23	146
23	19
23	245
23	116
23	334
23	12
23	162
23	82
23	23
23	306
23	263
23	146
23	8
23	259
23	102
23	209
23	346
23	80
23	180
23	322
23	45
23	154
23	292
23	246
23	21
23	118
23	0
23	228
23	91
23	299
23	164
23	58
24	59
24	276
24	317
24	206
24	104
24	270
24	35
24	163
24	85
24	305
24	359
24	215
24	128
24	281
24	51
24	96
24	180
24	331
24	25
24	236
24	161
24	92
24	303
24	225
24	348
24	135
24	72
24	286
24	191
24	322
24	114
24	242
24	157
24	12
24	295
24	67
24	321
24	194
24	104
25	32
25	181
25	318
25	88
25	228
25	135
25	359
25	272
25	53
25	191
25	319
25	228
25	95
25	18
25	287
25	141
25	62
25	202
25	93
25	341
25	252
25	28
25	162
25	325
25	88
25	222
25	355
25	122
25	268
25	322
25	42
25	182
25	95
25	209
25	264
25	350
25	125
25	194
25	49
