Plante	Angle
1	142
1	118
1	138
1	132
1	148
1	40
1	212
1	208
1	80
1	164
1	53
1	130
1	95
1	48
1	130
1	132
1	271
1	237
1	50
1	132
1	88
1	37
1	160
1	150
1	267
1	240
1	40
1	213
1	185
1	90
1	140
1	93
1	225
1	262
1	281
1	219
1	47
1	132
1	106
1	55
1	151
1	268
1	238
1	263
1	148
1	171
1	105
2	116
2	42
2	40
2	90
2	141
2	269
2	140
2	151
2	59
2	76
2	136
2	283
2	115
2	148
2	137
2	125
2	162
2	113
2	155
2	120
2	131
2	129
2	53
2	207
2	68
2	239
2	43
2	149
2	78
2	183
2	249
2	259
2	271
2	229
2	297
2	268
2	224
2	291
2	127
3	70
3	115
3	145
3	276
3	133
3	268
3	220
3	47
3	256
3	43
3	207
3	60
3	240
3	263
3	152
3	120
3	300
3	258
3	233
3	27
3	234
3	275
3	135
3	125
3	150
3	155
3	280
3	230
3	253
3	150
3	126
3	167
3	127
3	134
3	273
3	126
3	173
3	118
3	136
3	139
3	140
3	131
3	148
3	276
3	173
3	100
3	147
3	184
4	240
4	220
4	210
4	300
4	287
4	318
4	105
4	175
4	300
4	95
4	93
4	130
4	178
4	285
4	203
4	116
4	205
4	232
4	226
4	221
4	86
4	153
4	77
4	240
4	212
4	238
4	225
4	112
4	135
4	349
4	126
4	84
4	252
4	115
4	127
4	313
4	112
4	355
4	153
4	56
4	108
4	123
4	92
4	218
5	135
5	132
5	136
5	264
5	127
5	155
5	169
5	134
5	276
5	230
5	300
5	163
5	156
5	132
5	159
5	162
5	144
5	52
5	89
5	40
5	139
5	307
5	198
5	123
5	153
5	148
5	139
5	126
5	299
5	258
5	330
5	243
5	80
5	212
5	295
5	140
6	136
6	336
6	251
6	252
6	85
6	148
6	91
6	86
6	117
6	324
6	179
6	83
6	82
6	148
6	98
6	86
6	130
6	296
6	169
6	92
6	63
6	136
6	98
6	84
6	135
6	88
6	224
6	89
6	123
6	104
6	312
6	284
6	203
6	186
6	131
6	154
6	334
6	308
6	267
6	245
6	80
7	237
7	339
7	119
7	342
7	138
7	323
7	238
7	274
7	311
7	246
7	227
7	212
7	249
7	89
7	131
7	87
7	113
7	128
7	317
7	145
7	94
7	66
7	212
7	253
7	330
7	247
7	74
7	146
7	80
7	221
7	228
7	99
7	132
7	103
7	87
7	248
7	308
7	129
7	89
7	97
8	87
8	135
8	202
8	267
8	220
8	77
8	220
8	236
8	79
8	140
8	95
8	92
8	137
8	99
8	224
8	197
8	98
8	127
8	103
8	89
8	120
8	303
8	150
8	69
8	102
8	116
8	104
8	198
8	251
8	81
8	126
8	103
8	177
8	228
8	208
8	216
8	212
8	230
8	234
8	75
8	148
8	68
8	201
8	220
8	206
8	87
8	119
8	278
8	182
9	151
9	31
9	71
9	43
9	125
9	145
9	130
9	134
9	143
9	133
9	125
9	145
9	98
9	162
9	132
9	137
9	269
9	208
9	283
9	135
9	110
9	132
9	142
9	119
9	20
9	210
9	238
9	37
9	136
9	139
9	134
9	137
9	128
9	24
9	95
9	130
9	48
9	226
9	240
9	148
9	127
9	286
9	207
9	32
9	224
9	257
9	141
9	109
9	126
9	130
9	159
10	124
10	119
10	289
10	247
10	277
10	140
10	120
10	129
10	264
10	212
10	35
10	107
10	42
10	256
10	238
10	30
10	138
10	77
10	196
10	233
10	243
10	135
10	148
10	260
10	206
10	288
10	274
10	212
10	264
10	152
10	144
10	146
10	122
10	137
10	150
10	128
10	132
10	299
10	224
10	295
10	120
10	138
10	139
10	138
11	145
11	115
11	306
11	204
11	65
11	125
11	90
11	174
11	69
11	183
11	27
11	46
11	206
11	285
11	145
11	150
11	135
11	261
11	259
11	258
11	151
11	131
11	131
11	152
11	127
11	128
11	137
11	150
11	270
11	195
11	296
11	134
11	126
11	263
11	243
11	278
11	280
11	225
11	296
11	148
11	127
11	146
11	123
11	256
11	210
11	292
11	117
11	126
11	115
11	281
11	238
11	270
11	131
12	146
12	132
12	139
12	280
12	209
12	271
12	145
12	118
12	269
12	131
12	66
12	53
12	237
12	251
12	295
12	146
12	132
12	134
12	142
12	158
12	127
12	251
12	248
12	262
12	137
12	119
12	143
12	147
12	144
12	118
12	274
12	230
12	265
12	270
12	227
12	301
12	156
12	143
12	264
12	227
12	274
12	131
13	218
13	234
13	91
13	141
13	87
13	98
13	136
13	106
13	322
13	274
13	340
13	258
13	311
13	75
13	131
13	80
13	217
13	98
13	145
13	55
13	305
13	266
13	238
13	94
13	337
13	280
13	207
13	93
13	95
13	110
13	84
13	53
13	99
13	134
13	210
13	262
13	78
13	149
13	82
13	207
13	238
13	75
14	224
14	87
14	153
14	285
14	318
14	298
14	289
14	312
14	119
14	222
14	235
14	117
14	135
14	135
14	298
14	308
14	274
14	195
14	120
14	109
14	65
14	120
14	341
14	233
14	263
14	175
14	144
14	99
14	69
14	161
14	305
14	134
14	81
14	87
14	134
14	86
14	239
14	106
14	230
14	292
14	297
14	92
14	151
14	90
14	97
14	116
14	326
14	229
14	279
14	33
14	275
14	323
14	290
14	301
15	147
15	140
15	131
15	164
15	115
15	275
15	32
15	77
15	48
15	66
15	15
15	77
15	303
15	229
15	178
15	238
15	182
15	200
15	219
15	148
15	228
15	204
15	201
15	215
15	276
15	279
15	119
15	105
15	60
15	142
15	17
15	125
15	133
15	251
15	59
15	79
15	124
15	275
15	153
15	134
15	124
15	145
15	251
15	134
15	90
15	28
15	142
16	133
16	148
16	120
16	140
16	145
16	146
16	141
16	122
16	128
16	25
16	215
16	225
16	63
16	272
16	253
16	265
16	299
16	239
16	252
16	155
16	111
16	139
16	142
16	65
16	54
16	171
16	260
16	142
16	140
16	131
16	158
16	118
16	290
16	249
17	116
17	334
17	128
17	192
17	302
17	236
17	97
17	313
17	269
17	263
17	111
17	235
17	79
17	146
17	87
17	311
17	132
17	142
17	338
17	214
17	325
17	258
17	262
17	348
17	90
17	142
17	85
17	239
17	101
17	128
17	342
17	140
17	330
17	156
17	85
17	227
17	314
17	269
17	245
17	81
17	121
17	130
17	93
17	216
17	114
17	109
17	85
17	135
17	202
17	285
17	338
17	80
17	150
18	137
18	144
18	104
18	138
18	129
18	135
18	115
18	128
18	128
18	123
18	129
18	125
18	131
18	125
18	139
18	123
18	97
18	139
18	148
18	106
18	158
18	80
18	263
18	220
18	52
18	184
18	253
18	269
18	242
18	42
18	231
18	273
18	123
18	129
19	137
19	132
19	295
19	149
19	159
19	134
19	147
19	140
19	121
19	164
19	141
19	131
19	147
19	266
19	225
19	282
19	274
19	221
19	57
19	222
19	33
19	216
19	274
19	294
19	185
20	129
20	124
20	143
20	154
20	296
20	243
20	307
20	121
20	153
20	136
20	160
20	114
20	152
20	154
20	141
20	156
20	136
20	152
20	139
20	282
20	232
20	274
20	258
20	232
20	281
20	151
20	144
20	136
20	143
20	274
20	220
20	303
20	279
20	222
20	288
20	138
20	158
20	128
20	139
101	124
101	132
101	266
101	224
101	296
101	129
101	265
101	207
101	291
101	130
101	141
101	134
101	194
101	120
101	134
101	259
101	239
101	45
101	230
101	252
101	291
101	225
101	50
101	217
101	271
101	292
101	120
101	112
101	60
101	146
101	49
101	74
101	137
101	61
101	223
101	286
101	260
101	214
102	269
102	211
102	249
102	151
102	170
102	265
102	225
102	264
102	151
102	143
102	50
102	65
102	143
102	281
102	188
102	95
102	134
102	144
102	137
102	145
102	134
102	122
102	273
102	235
102	22
102	145
102	282
102	230
102	287
102	275
102	216
102	138
102	155
102	115
103	133
103	123
103	127
103	146
103	140
103	127
103	134
103	129
103	142
103	322
103	210
103	80
103	59
103	77
103	43
103	117
103	138
103	109
103	157
103	253
103	223
103	266
103	260
103	218
103	277
103	251
103	222
103	46
103	225
103	263
103	118
103	132
103	137
103	152
103	135
103	106
104	143
104	319
104	111
104	102
104	194
104	235
104	232
104	78
104	140
104	306
104	144
104	87
104	207
104	230
104	315
104	276
104	209
104	306
104	149
104	75
104	69
104	149
104	78
104	237
104	213
104	63
104	146
104	95
104	229
104	208
104	232
104	85
104	145
104	77
104	228
104	106
104	127
104	90
105	149
105	137
105	130
105	140
105	267
105	224
105	273
105	141
105	138
105	128
105	269
105	227
105	283
105	269
105	214
105	281
105	140
105	251
105	248
105	271
105	136
105	134
105	163
105	123
105	134
105	133
105	127
105	146
105	54
105	80
105	140
105	273
105	114
105	55
105	86
105	135
105	69
105	215
